3.4651
1.1772
2.3245
4.5202
2.0998
3.8756
3.7708
4.5208
3.9365
3.0988
4.1686
0.7609
4.4910
0.9219
3.7953
4.4632
4.5349
1.6337
3.8353
3.2049
3.5817
3.9670
4.1143
3.5894
1.7041
3.6071
3.8779
1.1354
2.2821
4.9958
3.3674
3.8107
1.9399
1.6903
4.7785
4.2105
3.0584
1.4185
2.6493
3.5366
2.7173
2.4683
4.5456
1.9720
4.4967
1.4491
1.3026
2.2846
4.9938
3.2645
3.6240
2.7974
3.2518
1.9064
2.7709
0.5771
4.8868
3.7989
4.0822
2.8928
2.9440
4.3548
4.7941
4.8988
2.0999
2.0883
4.6277
4.0152
4.1907
3.7102
3.2257
3.2795
3.8578
2.2937
2.8976
4.0717
4.3164
3.8453
1.9878
4.4981
2.3453
3.0385
3.4402
1.4890
2.4320
1.8124
3.7326
2.9021
1.9997
2.3497
2.1532
3.5856
3.0519
2.1046
2.8815
3.0571
3.9079
3.7154
3.6016
4.4697
2.3618
5.0
3.5116
4.1977
2.0799
3.6910
4.6427
2.1181
3.2993
3.0240
3.9756
4.5384
3.9527
3.8637
3.9932
3.1093
2.2928
3.4822
5.0
1.8854
4.9868
3.2749
3.4102
2.1896
0.9725
4.3664
2.3893
3.0209
3.6314
4.1761
3.5623
4.1456
3.3381
1.8704
2.7995
3.7838
4.1193
2.0958
1.1145
2.7972
1.4381
2.4730
2.0393
2.7750
2.3479
2.1526
2.2869
2.2752
3.9814
2.6514
2.4368
3.5270
4.3043
2.4605
4.3404
2.6574
3.6058
0.9317
3.3847
1.1294
3.1081
3.2087
3.4758
3.3099
1.7977
3.3671
4.5004
3.9768
3.6873
3.4029
4.1046
1.3179
2.2641
3.1231
2.8853
3.0558
3.7684
3.6744
2.3473
4.8954
4.8790
3.5069
3.1561
3.2318
4.7621
2.9290
2.2154
3.1512
3.5171
3.9167
2.7287
4.0637
2.7442
4.3381
1.1210
3.0816
2.0904
2.5283
1.9585
0.7230
4.4661
2.3881
1.4087
4.5391
2.4513
5.0
3.8136
3.0895
2.7497
3.2622
2.8722
3.3095
3.0671
2.6142
4.1884
2.2943
2.7895
3.7519
3.3601
2.8367
4.8629
2.8704
3.3739
1.1767
3.8808
4.4314
3.6340
4.7260
3.0763
2.7956
3.9850
4.9108
3.7161
1.7930
4.7668
2.8850
2.0455
2.1603
4.2944
4.2667
2.7615
4.2732
2.3329
2.8380
4.9692
1.1812
2.6535
4.6318
5.0
3.4334
3.3392
2.4458
3.7113
2.0221
1.8329
5.0
1.9020
3.4485
2.8288
1.4624
5.0
3.8168
3.0965
3.2574
4.3923
2.4441
2.1236
1.9216
2.8018
3.1180
3.8979
2.4164
4.0558
2.9782
2.6649
3.7112
3.7529
2.8794
2.5748
1.6674
4.2268
1.0528
2.2222
2.7725
3.1215
3.5772
1.0871
4.2055
2.7438
2.8714
3.8223
4.3338
2.1190
1.4512
3.3862
3.2107
3.3071
4.1146
1.4354
3.7641
4.0995
2.8101
3.5502
1.8062
4.2656
3.0410
3.3118
3.0219
3.2453
4.2681
3.9195
2.1429
5.0
3.2747
3.7771
2.7254
2.7982
3.9700
2.6062
3.8551
1.7012
1.3508
3.4970
4.0208
1.1162
4.0753
3.2794
3.2864
2.4171
4.0636
3.4962
1.5766
3.6535
2.9976
2.7272
3.9135
5.0
2.0104
4.7451
2.4377
3.5356
3.3082
5.0
2.8768
2.2972
3.2235
2.1482
3.5123
3.4852
4.6647
3.7308
1.5554
3.6495
1.9569
4.6755
3.4435
2.9108
4.3003
3.5127
3.8210
3.2541
3.6936
1.8222
3.8450
2.6929
2.5647
1.9732
2.2550
1.0269
1.2826
1.6239
3.0912
2.2938
3.4220
3.5668
2.3686
4.1733
3.1791
1.9348
2.0049
4.5233
1.8319
5.0
3.5579
1.2980
3.4472
2.0766
2.9723
2.8158
2.8334
2.1473
3.0862
3.7761
4.3841
2.2762
2.8090
2.5567
3.0122
4.6499
4.0095
3.8724
1.4759
2.4252
3.2704
3.5838
4.7612
3.4146
3.6751
3.2180
2.5566
1.5736
3.9411
3.7737
3.0776
3.5186
1.7362
1.3527
2.9034
2.0381
1.0142
4.0887
4.0127
1.1929
1.5963
3.3327
3.5819
3.8578
5.0
4.6613
3.7834
2.9117
2.9246
3.7483
1.0709
2.2967
2.0737
3.3227
3.5901
3.8811
3.1669
1.2050
2.7623
4.5685
3.9667
4.0732
4.0821
4.4274
1.9931
4.4629
2.1230
4.5008
2.0160
4.5594
1.2762
1.2109
3.1914
2.1121
2.8497
1.5827
3.8448
2.9834
3.4338
3.4155
3.8170
2.6944
1.3533
4.0451
4.0380
3.5286
5.0
0.8149
1.8601
4.3583
1.8090
3.7322
3.7918
2.2545
2.6576
3.9440
3.7510
4.3054
4.8474
3.5177
2.9618
2.7251
2.6948
1.6705
3.8799
2.3432
2.7665
2.6295
3.3323
2.3333
3.5849
4.0238
2.6968
3.1682
2.2216
1.6494
3.7909
2.3757
3.4266
4.7570
4.1840
1.9386
4.1076
2.3513
3.7345
3.0004
4.3914
3.1436
2.6927
2.4407
1.7275
3.3648
2.8038
5.0
2.5939
3.8724
1.7974
5.0
3.6132
4.7991
2.6917
2.8719
2.1724
3.3441
1.6703
3.0935
4.8270
3.6934
2.7014
3.1936
3.0116
3.6281
2.2798
4.2656
1.7455
3.9284
4.2878
1.1003
2.9142
4.1323
4.4610
2.4821
3.4470
4.4882
5.0
1.4188
1.4333
2.2907
2.1442
2.6871
3.7325
4.6527
3.3551
0.8257
1.7556
2.9805
3.4371
3.3602
3.1379
1.2817
3.0239
3.6585
3.0437
3.5182
3.7931
3.3286
0.9843
3.1695
3.3253
1.1472
1.5158
2.0037
2.8144
4.1457
3.9064
4.5212
3.9076
1.9135
4.2863
2.2211
2.8485
2.1044
3.5740
3.1082
2.7141
4.3587
3.8627
4.7555
1.9321
3.0837
1.6270
3.6094
3.4129
3.2102
3.2308
5.0
2.7130
3.1599
4.0241
4.2705
4.1378
4.1327
3.5176
3.6533
4.1576
3.4270
3.1380
2.0340
3.6201
4.1947
4.5062
3.9146
2.1638
3.2289
3.4312
3.4218
4.3072
3.6554
2.3808
3.7524
3.5324
1.4518
2.7006
2.9066
1.3740
3.2681
2.7455
2.1836
1.7982
3.4445
3.2720
3.9579
2.6081
4.1730
1.5835
4.1212
2.5585
2.2509
1.5993
3.9684
2.5904
3.8873
2.8691
1.9749
3.2026
2.7164
4.8103
2.8134
3.3554
3.0867
1.1384
4.1076
3.3206
4.7595
4.8215
3.0799
2.7573
2.9156
3.0248
4.2156
3.4871
2.6948
1.7441
2.2914
3.0991
1.6943
1.7109
2.1399
4.0925
3.3466
5.0
2.8376
2.3863
1.1273
3.8292
4.3577
1.8846
2.4500
2.9853
3.4620
3.6920
3.8066
3.3820
2.0040
4.9990
4.0811
2.7929
3.0628
4.9961
2.5325
1.9132
2.7254
2.4633
3.3973
2.8622
3.2181
2.2812
2.8102
3.4481
4.0526
3.7612
4.5126
3.0560
2.0913
1.3562
5.0
2.2975
4.1386
3.8391
2.8923
1.3897
4.2983
2.8685
2.4074
3.9770
1.5774
2.8566
2.8861
3.7255
1.3009
2.0867
4.4706
2.5435
3.0224
3.0553
5.0
3.2612
2.4423
4.6081
2.1142
4.8010
4.0544
3.9901
1.5237
1.6793
4.2845
3.7128
2.8821
4.5167
2.6699
2.9056
1.7077
2.1487
2.2634
1.2623
2.4739
2.2529
1.6590
4.5023
4.4051
2.6727
2.2209
3.6835
3.6110
5.0
4.4121
4.2471
3.6533
4.9433
3.6198
2.8110
2.5478
4.2116
2.9062
2.8020
1.8802
3.7176
3.8931
4.4804
2.8858
2.1938
3.9034
2.9063
3.7123
3.8409
3.4404
2.7725
3.6907
1.9590
1.9368
3.5593
1.5235
4.2357
3.7566
0.9343
2.8914
5.0
3.8291
2.8672
3.1393
3.4338
2.2444
2.1610
2.3843
0.6082
4.3732
1.0903
4.8285
2.8168
4.9984
4.3022
4.9578
2.1484
4.1057
2.6250
2.4252
3.2430
1.6762
3.2933
3.3434
3.2287
3.2678
4.7398
3.4640
3.5830
3.7402
5.0
2.8571
3.9739
4.0758
1.3684
4.8402
3.1265
3.3178
0.9804
2.0454
3.7386
1.1187
3.6051
4.4556
2.3535
3.1954
1.6727
0.7966
2.4143
2.8982
1.5537
3.7641
2.7028
2.1995
4.4855
4.1816
2.9285
4.1382
4.7287
1.1133
2.9574
2.8549
1.2977
3.6230
3.3874
3.5571
4.7619
1.7210
2.6442
3.1308
3.1881
2.6794
3.4936
1.7771
1.7113
2.5120
4.3744
1.5333
4.8764
1.8396
2.6081
3.7826
3.5915
1.5917
1.7767
3.4565
2.2819
3.6561
3.2525
3.7387
4.4821
2.3481
2.5268
3.0796
1.9011
2.6834
4.1171
3.4416
1.3864
4.4536
3.4432
3.1130
1.2691
4.5081
3.6564
4.5434
3.4116
2.4677
3.2717
2.5738
2.2101
4.4525
1.6447
4.8475
3.8645
2.2986
3.3296
3.3762
2.5117
4.1584
2.5974
2.1550
2.5122
3.8865
2.3903
3.3306
3.6883
4.2348
4.3801
2.8437
4.1058
3.3455
2.0791
1.5872
3.4633
3.4586
4.3932
3.7733
2.3124
3.6361
3.5198
0.9065
2.9045
1.8035
1.9852
0.9362
2.3377
3.4759
3.8930
4.3862
4.8170
4.8677
2.5852
3.4081
2.8904
3.0769
1.7718
2.7990
3.6131
2.8002
1.7151
3.8297
3.7278
2.5895
1.8171
1.9487
1.4992
1.8716
4.2811
3.3097
2.9413
4.5950
1.9749
4.6885
1.8392
4.8637
3.4896
2.2209
3.7808
3.5440
3.8421
1.3165
3.2232
3.5888
4.8774
2.6186
3.9097
3.3437
2.7022
2.4525
3.4623
2.7230
5.0
2.3848
3.8588
2.1356
4.4596
3.2881
3.0551
3.6546
3.6571
3.3085
1.2738
2.6876
0.9280
2.7199
3.3989
4.3818
1.8367
1.4384
4.4032
2.6775
3.3088
3.4493
1.2679
2.4075
4.0936
1.6510
4.6972
3.9529
3.7959
2.0050
4.0964
3.5886
2.3464
3.9043
4.6695
3.9778
4.0602
2.4222
4.6700
5.0
3.8925
3.7267
3.3604
3.7195
4.4590
3.2228
2.2173
4.1307
3.1127
2.8906
2.3096
3.2423
3.6059
4.9237
2.4101
1.8941
0.6991
3.5714
1.9671
4.0106
3.7067
4.5015
4.1634
2.9739
4.0782
2.1282
0.9354
3.5083
3.4874
4.2946
4.9603
2.8807
2.9889
1.4648
2.0496
3.6581
4.2345
4.0615
3.3050
4.8023
4.1088
4.0372
3.1554
2.2305
2.9742
2.7612
4.2089
4.8968
3.5179
2.8399
2.6865
2.7399
1.9641
3.6417
1.3843
3.9682
2.1223
3.5359
2.0239
4.8796
2.7518
3.1874
4.4545
4.1197
4.1890
3.1421
3.7223
1.8729
3.8131
1.3596
1.4846
2.4677
1.6132
4.5859
3.0399
1.1451
2.7374
1.5620
3.8710
1.9646
4.3138
2.5816
2.1101
3.7245
1.2474
5.0
1.3410
2.3029
3.5169
4.4034
3.9252
3.3146
5.0
3.0748
4.1117
3.5042
3.5928
2.1374
4.0006
3.2362
5.0
3.6454
3.1846
3.0120
4.5289
2.7245
3.3749
3.7412
2.9587
3.7208
2.6118
4.8567
4.4037
3.8533
0.9656
3.4193
3.0478
2.5032
3.5260
5.0
3.3089
3.8883
3.5892
3.1441
3.4122
4.2036
3.9777
2.7172
1.9010
3.5317
2.5791
2.7135
1.6514
3.6649
3.1214
3.6923
2.5615
4.1997
2.4061
3.7379
1.9239
4.0270
4.5795
4.1934
3.5409
2.1185
2.6876
1.6039
3.7654
2.3533
4.8150
5.0
4.2935
3.1832
1.7105
2.9335
3.2905
3.1950
1.6451
3.7325
4.7055
4.6623
1.3792
3.8503
1.4472
5.0
4.2658
3.8766
4.7070
3.2006
4.4256
1.5322
3.7447
4.5768
2.9550
1.7079
2.1942
4.7848
3.8618
2.4186
3.5665
3.8018
3.8399
4.1336
5.0
1.9311
3.5165
4.2841
3.3451
4.1163
4.3965
3.4213
3.5152
2.5465
3.8725
2.8586
3.5303
5.0
3.9049
2.6847
5.0
1.3214
3.4771
1.2809
2.1596
2.3956
1.9453
4.0201
1.9589
2.8573
2.6386
2.6284
3.0326
2.4686
3.0110
5.0
3.7781
3.4759
3.6071
3.1013
2.5074
2.4832
3.0145
2.2216
2.8098
1.4244
2.8425
5.0
2.2690
3.6557
1.5667
3.6978
3.3717
4.2168
1.3826
4.2882
2.8097
3.9721
1.6808
2.3795
3.5382
0.9368
3.6366
2.5531
4.6576
5.0
4.0494
2.3075
3.5970
3.1910
4.1715
3.1636
1.4712
3.1336
2.9099
3.6476
2.5339
0.4356
2.2742
3.5559
3.9563
4.3251
2.7389
3.3589
3.4238
4.8651
4.0361
5.0
5.0
4.1928
4.3578
3.4070
2.4947
3.0406
2.2851
3.9998
3.9069
5.0
1.5360
1.6296
1.8047
2.0265
4.3000
2.7105
4.6363
3.7371
3.6918
1.9524
1.7996
4.3396
2.0565
3.8475
1.2181
3.9893
3.4612
5.0
2.3305
3.1629
5.0
4.3583
4.5460
3.3088
3.6656
3.9235
2.0360
3.0756
4.8966
2.2310
3.9521
3.9949
3.1643
1.9378
3.7834
2.7416
4.5503
3.1735
2.9547
2.8341
3.9218
4.1323
1.8627
3.0560
1.5924
4.8575
3.0239
3.8325
5.0
2.0624
3.2514
2.6237
0.9563
2.7341
3.9020
3.6616
3.8290
2.7612
1.6118
3.0858
3.5183
4.1217
5.0
2.8397
2.6945
2.4534
3.3661
2.2931
4.2690
3.8670
3.1217
2.4426
2.9905
2.9451
2.8724
2.8339
3.5291
1.9931
2.7009
3.2117
3.5307
2.4344
3.8377
4.1475
3.6091
1.6939
2.7855
4.7972
2.5075
2.1082
4.0841
3.9425
1.9345
2.7350
3.7187
2.4792
4.1777
4.6694
2.6749
2.1727
4.6163
1.7237
2.1422
3.3124
1.9638
5.0
3.7040
2.6335
2.4462
2.7551
2.6862
2.0488
2.2200
3.9303
2.7379
3.5973
3.8369
2.8067
3.9735
4.1185
4.1195
4.2356
1.8168
2.7677
4.5937
3.6397
3.7348
2.1761
2.2424
2.2410
1.8493
1.8057
4.3167
2.2376
3.2857
4.1054
2.5913
3.4169
2.7038
1.5657
3.7585
4.1736
3.7014
3.8970
3.0134
2.0978
1.5887
2.9903
4.0293
3.1302
1.9587
2.8682
1.9520
2.4197
2.8951
3.6716
3.2126
1.8893
2.3729
1.9386
4.5204
2.3716
4.4380
3.7155
3.6872
5.0
3.3598
2.6151
3.4708
2.8824
2.7805
2.1156
1.5441
4.5710
3.2448
1.6901
2.7936
3.4538
3.1101
2.6980
3.8712
3.6733
0.3865
1.5512
2.8343
1.1336
4.1507
1.8544
3.4376
2.0091
3.5853
3.5290
3.2000
2.1099
3.8018
1.8179
3.1151
4.4958
4.2389
1.9274
2.4111
