2.3593
4.7786
2.3431
2.5763
2.8641
3.1991
4.9316
1.4766
1.3619
2.0720
2.6337
1.9920
3.4214
3.1108
2.7613
2.9349
2.8122
5.0
3.6491
3.9367
1.1138
3.5377
0.9324
4.2861
2.3216
4.3055
2.7004
2.2308
3.7007
3.6078
0.4633
1.3890
3.4555
1.0150
3.6716
0.9489
1.5635
2.5315
5.0
1.6702
5.0
1.1958
3.6478
3.4732
5.0
3.3822
3.1683
3.2513
4.3020
2.7403
0.5544
3.8455
1.0592
1.5394
1.1698
2.5253
2.4217
3.7735
1.7405
3.3627
3.9291
2.2686
3.4377
1.6336
3.7910
3.1973
1.3816
2.3708
4.4388
3.4011
1.8052
4.0923
1.6080
3.8114
4.6529
1.3974
3.4654
3.8526
5.0
3.7842
1.3823
3.8960
2.3285
3.3613
0.1796
2.2485
1.6828
4.1821
2.4298
5.0
1.8159
2.8779
2.4600
1.8103
2.9434
0.3957
4.8988
4.3574
2.7811
3.6067
3.7806
2.4481
2.2077
1.5325
2.9723
2.5795
4.5189
3.5912
4.4289
1.3882
5.0
4.6025
2.4614
3.9878
4.1192
2.2700
3.0909
2.3170
2.6551
3.6389
2.2498
2.9688
1.7632
2.8659
3.1094
3.1319
4.3011
3.1832
2.6093
4.2457
1.5690
5.0
2.5511
2.8122
1.3915
2.8751
3.1836
4.1366
3.6158
3.5700
2.2303
1.7892
2.2547
2.2815
1.9189
3.3237
1.9635
3.7364
1.1071
4.3570
3.1185
1.5846
2.3005
2.8804
2.5057
4.3184
2.8997
1.3301
3.3535
3.5871
2.3178
3.9830
4.4898
1.0599
1.9314
3.5161
3.2513
3.4635
1.3413
5.0
3.7892
3.5079
5.0
2.2431
3.6976
4.8348
1.5757
2.6675
3.8267
3.8229
3.8878
2.9447
3.7117
0.9024
3.2280
1.7336
2.1885
3.9818
3.8863
2.8783
4.8071
1.5139
2.7308
2.8694
2.2188
5.0
3.2531
3.4009
2.2467
2.2854
4.4891
1.6287
1.8325
3.7115
4.0531
5.0
4.8313
3.0074
3.8308
2.8127
1.9398
4.2033
1.2088
4.1016
3.0390
0.6296
4.6006
5.0
3.3680
2.5619
2.9125
1.0970
4.6853
4.0126
1.2011
3.6223
1.6904
2.0173
3.4261
3.3504
2.6783
3.4753
4.1130
4.0340
1.5380
5.0
3.4097
2.3990
2.4396
4.0565
1.9214
4.4160
2.3667
3.3753
2.5079
3.5806
2.7911
4.0499
4.5328
2.3870
5.0
2.8473
1.2433
3.4959
2.3960
2.7617
5.0
2.0443
1.5459
0.5829
3.3919
2.1344
3.0822
1.7015
3.4671
3.6803
3.6563
1.7135
2.7763
3.0563
2.1784
1.2106
2.3587
4.0957
2.3109
2.7164
1.7534
2.8647
5.0
2.2974
5.0
1.9670
3.4552
3.9412
2.7989
1.3541
3.7037
3.4201
5.0
5.0
3.9020
3.4112
4.8718
3.4890
3.6496
4.0198
3.5204
2.3204
2.7333
0.3880
2.6182
4.9838
2.1747
2.6624
0.8399
2.5553
5.0
2.0243
0.2354
3.9457
3.2678
2.4936
2.2525
2.6772
2.4495
3.1633
5.0
4.5534
2.3339
5.0
5.0
2.5252
4.1322
1.2942
3.4710
5.0
2.9008
2.3684
3.6937
1.1278
4.5905
4.1386
2.8274
1.7289
4.9548
1.2299
2.7473
4.8788
4.5801
1.8193
3.3138
1.6996
3.3071
2.7049
1.5096
3.5963
2.8916
5.0
1.6216
1.0804
3.6660
1.3481
4.3434
4.4889
4.0641
2.8221
3.5274
0.9356
2.3604
4.0265
3.1550
1.0484
3.6942
4.8092
2.2944
2.4730
3.8883
2.8058
2.8449
2.8387
1.3192
4.0929
3.2601
3.6213
3.0359
4.6721
2.8762
3.7751
4.5462
3.8615
1.8459
5.0
1.9040
3.1030
5.0
2.6992
2.7721
2.7650
3.6746
3.3081
2.0856
3.0354
2.9330
4.4975
2.8434
4.3497
3.9220
2.4277
3.9898
1.4949
2.3443
3.0663
2.2819
2.6074
2.6070
0.8645
1.8628
0.8839
3.5686
1.8707
2.9589
2.8055
4.1940
1.1776
4.6838
2.3994
1.1628
2.2112
0.7886
1.1466
3.4093
1.9486
3.2858
2.1894
2.5763
3.6786
3.6097
2.8058
2.2364
2.4613
1.2885
3.8252
3.0556
3.8211
4.0666
3.3215
1.9483
1.8877
2.0201
4.2024
2.7822
4.3750
2.5899
2.1977
4.6696
1.3659
2.0799
1.3256
1.6228
3.0496
4.8028
3.5831
3.7787
2.0059
0.5405
2.7725
1.8474
2.7969
2.0372
4.7317
3.8409
2.7713
2.3176
4.1564
2.4248
2.8269
1.1384
4.7976
3.7668
1.3710
3.1151
2.3214
2.0852
3.4530
1.8978
2.9215
1.6373
2.9146
3.4432
3.3383
2.4405
1.8544
2.1558
2.2901
2.9220
5.0
3.8820
2.7298
5.0
3.0749
4.6320
2.8503
3.4609
3.6272
1.0837
1.0307
2.2641
2.7265
2.7087
1.9692
3.1693
2.2838
2.9519
3.3056
3.9245
2.5728
0.6383
2.4817
3.8832
0.6160
4.6769
3.7129
3.4898
5.0
1.4266
3.2622
2.8099
1.4604
1.3600
2.9051
2.3308
2.6654
0.8676
3.1337
1.2351
2.0702
4.0735
2.7913
5.0
5.0
1.4966
3.3491
0.9708
2.7575
1.7405
5.0
3.7894
4.8918
2.4728
2.1159
3.4631
2.7137
5.0
4.0111
1.0810
4.1505
2.9445
4.7579
1.4485
3.0457
2.0127
2.1251
1.6209
2.5105
3.9077
4.3233
1.5087
3.6655
3.4087
3.5932
2.4380
3.3119
4.1756
4.7468
4.3375
1.5023
3.4704
1.3076
1.8400
4.2341
2.8393
3.5924
4.1424
1.4728
3.1345
2.5822
1.8547
3.2403
3.2524
3.9704
0.6759
4.8495
2.3331
2.5236
2.3955
2.7894
1.8794
1.6306
1.4901
2.8371
2.8978
2.8062
1.4243
2.5085
1.9710
1.3205
4.9670
3.7461
1.9652
1.9079
1.7437
2.2081
2.1641
3.7530
2.4707
1.8488
3.6907
2.8194
3.8102
2.2831
1.3597
1.5400
2.8802
2.6980
2.7346
2.2992
2.8674
1.4717
2.8180
1.7054
4.9837
2.9069
3.5578
1.2037
2.5413
3.0398
2.9134
5.0
5.0
2.6807
3.6034
4.4004
0.9107
2.7422
2.9089
5.0
3.7572
1.8652
3.5770
1.5770
3.5720
1.4897
5.0
1.6521
3.5697
4.5382
1.4323
4.3161
3.0801
1.8935
0.9411
4.4068
4.6109
2.8181
1.1315
4.5837
1.3663
3.8321
3.6879
2.6973
3.7031
4.2786
3.2992
3.9164
2.8145
1.6912
3.5066
3.4380
1.1661
4.4105
3.8887
3.3316
3.3601
0.5976
2.4536
4.2943
3.9347
3.7569
2.4633
3.6668
5.0
2.6246
3.6148
3.6705
1.4125
0.7103
1.1251
2.6342
4.6779
2.3437
0.9171
3.5782
2.2824
3.9686
3.5579
3.2210
4.6719
1.5212
4.9785
5.0
1.4914
1.7144
1.7281
2.2574
5.0
5.0
2.5738
4.2033
2.8504
2.4128
2.8585
2.1808
4.5928
1.6132
2.7189
2.8575
2.5991
3.3064
5.0
3.1654
4.9227
2.6859
4.1435
5.0
2.7866
5.0
1.7533
4.4581
2.9332
3.5047
2.1122
5.0
1.6703
4.0309
2.5497
1.3305
3.0152
3.2106
1.6331
2.9584
2.3137
3.2951
3.8786
2.9779
2.1007
3.3305
3.3619
5.0
3.1161
1.8885
2.5578
2.7980
3.6893
3.4757
2.0837
1.8271
1.7684
3.2735
4.4721
1.2916
1.3495
4.9543
1.7733
3.8304
5.0
3.9232
3.1765
1.2604
2.2913
3.9312
3.0126
5.0
3.1966
3.1544
3.8901
4.3870
2.0095
2.5871
2.9060
3.4347
2.0803
2.6260
3.1262
2.9830
3.7011
3.4731
3.1379
2.2124
3.7055
0.8364
3.9992
2.7197
2.8372
0.8731
3.3014
3.8965
2.4369
4.1140
2.2782
3.1098
2.0039
1.5130
2.0906
3.5586
1.3530
0.4778
2.7804
2.9482
4.5651
4.9463
2.1709
3.1153
3.3542
3.7281
2.1545
1.8682
1.1713
4.0441
1.3208
3.7094
1.9610
2.0419
5.0
4.2046
5.0
0.6143
1.3498
2.2853
5.0
3.0123
3.2898
2.3516
3.6775
0.6718
4.5425
3.7682
3.0846
5.0
1.7142
5.0
2.2431
2.1881
3.4986
2.7044
1.2366
5.0
1.9375
2.5229
3.5299
0.7748
0.9649
3.0056
1.8820
2.9637
1.9560
3.9912
2.8391
3.0493
2.4513
3.3599
2.3287
2.2860
2.1291
2.8153
1.5696
3.1914
1.2374
2.6474
2.0776
3.7402
2.5993
3.9885
2.6334
1.3515
5.0
2.1427
1.2059
4.1411
2.9255
2.7764
2.8414
2.0021
2.3968
2.0608
4.1030
1.0756
3.4026
1.9912
3.1173
1.6687
1.0344
2.8175
1.2901
4.1850
3.4230
3.1275
2.9703
3.3149
0.6468
1.8720
0.9810
2.6060
2.5829
5.0
4.5410
3.7050
2.7943
1.3993
0.8293
2.9499
3.9911
2.7261
3.0166
2.8017
4.6970
3.9046
4.1535
3.8157
2.9595
1.9561
3.5674
3.9164
3.1118
2.8435
1.5280
2.0954
3.0168
2.9273
1.0042
1.8363
3.7731
4.3676
3.5887
4.3574
4.4589
1.8810
0.6385
2.8987
2.0314
1.0181
3.8654
1.0449
1.7802
4.5892
1.2730
3.6095
4.8602
2.3171
2.9229
1.6113
3.5350
2.1707
2.9091
2.1831
2.7247
3.0285
0.8875
1.8711
3.4677
3.2611
2.5637
1.6442
3.8440
3.8715
4.0669
2.7604
1.4672
2.6382
3.1131
1.4845
3.8146
5.0
0.1714
2.9082
4.1683
2.8992
3.7044
2.1917
4.4062
2.2914
4.1052
4.3031
2.1247
3.7454
2.5162
2.6613
2.9214
2.9090
3.4861
2.7055
2.0344
2.9319
0.4224
3.2495
4.2218
2.4708
2.9148
1.3102
4.0807
1.7615
0.6905
1.8055
3.0724
3.6236
2.0996
1.8173
2.7268
1.5085
1.9790
4.9689
3.9213
4.2602
2.0705
4.0120
0.9742
4.8851
3.1001
3.6469
3.7230
4.1578
5.0
0.4613
2.0578
2.9638
1.4043
1.3855
1.2363
1.6799
5.0
2.5171
1.6766
3.4836
4.0721
0.8954
1.9846
4.0371
2.8579
3.0977
1.9848
4.3746
3.7053
4.9447
1.4818
5.0
1.6097
2.2045
2.5306
4.0000
3.5609
3.3320
5.0
3.4489
2.5369
5.0
3.9210
3.8343
4.8793
1.5386
4.2800
2.7415
2.1743
2.2381
2.0562
1.4560
2.1799
3.2331
5.0
5.0
2.7325
3.6689
4.8709
3.2367
3.3584
3.5875
2.7729
5.0
3.3487
2.7954
1.7529
3.8926
1.2751
3.4724
0.9183
2.3274
2.5821
5.0
4.3869
2.3317
3.6145
2.7256
1.1446
3.2845
4.6274
2.7043
5.0
3.6719
0.6993
0.2026
2.7383
5.0
2.8123
3.1103
3.2410
2.2031
3.2340
2.4419
5.0
3.7349
2.4368
5.0
0.9800
3.0995
4.0600
2.3848
3.8148
2.1301
3.3628
2.3558
3.1688
4.6882
1.4985
4.0909
2.4866
2.4260
3.1653
2.2889
3.5547
2.3137
4.4205
4.8023
4.0957
2.9358
2.9943
0.6278
2.8092
2.6878
1.1711
1.9575
5.0
1.8453
2.6554
4.5603
1.7415
2.0682
0.5600
2.6535
0.9651
1.1728
2.0837
2.7161
4.6586
3.1981
2.0248
2.2354
3.0099
0.8577
1.1135
2.7982
3.4057
0.7756
2.1824
2.4974
2.6530
3.0790
1.7249
3.1380
3.3076
2.3173
2.0009
5.0
1.5846
3.5837
4.9192
1.8408
3.3356
2.1691
4.5316
1.8238
2.0980
3.1915
1.8372
4.6774
3.8878
3.1710
1.3735
1.1604
2.5144
1.2885
4.4948
1.9780
2.3595
2.4793
3.0885
1.1729
4.6072
1.6103
4.3571
3.4741
3.9309
1.4319
1.9903
1.8297
2.2001
1.9501
0.7479
3.9277
5.0
1.5441
1.3946
3.5184
5.0
4.5539
3.1030
3.5943
2.6471
5.0
1.2906
3.3356
0.7101
2.0636
0.4682
2.4907
3.2235
4.1034
3.7428
2.0087
3.9271
1.8496
1.2366
1.7360
1.8843
4.5975
2.4410
0.6214
2.0594
3.4031
2.7479
4.8100
3.7014
1.1271
2.9931
2.5912
2.5177
4.9286
1.9996
1.0229
3.5708
3.7515
3.3667
3.5437
5.0
3.3701
0.9965
1.5817
3.0397
3.6651
3.6853
4.4205
0.9378
1.6822
1.2730
2.2384
4.1567
1.3888
1.1181
4.1196
2.8227
3.5554
1.9606
2.3903
4.8840
4.2466
0.4652
5.0
5.0
0.9393
1.6214
4.6733
3.6375
1.8282
0.3840
4.3271
0.6970
4.5701
5.0
2.4163
4.2033
3.5428
4.4720
3.1643
1.5287
3.7792
2.4516
2.6708
5.0
1.3919
2.7845
5.0
5.0
2.8384
1.6527
5.0
1.2415
3.8657
1.8587
2.9920
1.6273
1.5871
0.7718
4.2663
1.7862
2.5563
3.5051
3.0281
3.5205
3.2418
1.1939
4.5478
3.2276
2.7941
2.4104
3.2960
2.4531
3.4041
3.4594
5.0
3.4686
2.3129
1.5929
5.0
4.6373
2.1650
2.6559
3.9301
4.1074
1.6776
1.7952
3.1029
2.0104
1.6339
2.5494
1.5885
3.3853
1.4951
1.6393
2.3593
1.3041
1.9299
2.8803
3.9489
5.0
3.8150
1.5138
4.1496
1.6987
3.3457
1.5295
1.7595
3.1396
3.5762
4.6942
3.7493
1.2474
1.5499
3.4457
1.6397
4.0548
4.3079
1.1684
2.1909
3.0477
2.9834
3.8978
3.4405
4.2078
2.9797
3.4161
0.6212
3.0302
1.2075
3.7440
1.6532
3.0275
4.2581
1.9983
1.9281
3.9835
2.2271
3.5677
0.0670
4.7813
1.4274
2.2990
1.9118
2.8507
3.7410
3.5920
4.8049
1.9893
4.9714
5.0
2.9393
4.8713
1.9767
3.4136
1.7967
2.8152
3.0660
2.6913
4.3416
2.0249
4.4077
2.6845
3.5281
4.1776
4.3241
2.8382
1.6724
3.4342
3.2321
2.8955
1.4425
1.8688
1.9885
1.4650
3.4881
5.0
2.9418
3.2618
3.4432
3.5900
2.3431
3.3367
1.3443
1.8826
1.1557
3.1073
4.7306
2.2908
4.8283
1.9206
3.2272
5.0
3.9782
3.1830
2.7944
3.5093
5.0
4.5456
4.3439
4.8108
5.0
4.7144
4.0088
3.2809
2.7028
1.9349
0.8168
3.1625
1.3039
4.5197
3.5900
2.1053
2.9728
2.0733
4.1556
2.8820
2.0601
1.9127
3.3043
2.9349
1.3165
2.8421
3.4528
3.6228
3.3795
3.0767
2.6302
1.8336
2.9059
2.8183
2.9761
3.3242
2.5758
2.6943
0.8771
2.0226
4.7931
2.0415
3.4749
2.3292
4.8119
2.5877
2.2805
3.8881
4.7200
4.0313
2.3960
3.5836
0.6956
