4.4544
1.6487
4.7464
5.0
0.6738
2.9202
2.3443
2.5379
3.4274
4.4308
1.5550
3.1087
4.3156
1.5420
2.6736
4.4545
3.4573
3.0123
3.3612
5.0
3.3629
1.5235
5.0
2.5872
2.1730
4.6993
1.3794
3.7525
4.8389
3.3077
3.8693
2.6861
1.3589
5.0
5.0
2.5460
2.8393
3.7190
4.8576
5.0
5.0
2.3849
3.8118
3.9122
5.0
1.7078
3.9866
1.6119
2.7841
5.0
3.1040
2.7699
3.9091
5.0
3.4872
2.6878
3.2140
3.7788
1.3749
4.9343
1.4157
2.6934
3.8750
2.4387
4.1384
5.0
4.0725
3.3070
2.9881
3.3511
2.2943
4.4715
1.2580
3.1193
3.8112
2.8316
4.5732
5.0
3.4535
4.7499
3.5090
2.6519
2.1741
4.1249
2.9755
2.7231
3.5228
3.3717
4.5173
1.7683
5.0
3.6985
5.0
2.1730
4.6463
2.2135
1.3470
5.0
2.0765
3.7108
3.2882
3.3440
1.6397
5.0
2.6934
2.3627
1.7136
4.1834
2.6391
3.7842
3.7702
2.3197
5.0
2.0965
3.8491
2.3742
3.1232
3.4306
3.8468
5.0
5.0
4.5896
1.7295
3.3962
2.3420
3.8913
3.6427
2.6279
3.8466
4.1272
2.0305
0.6691
2.8809
2.2551
2.8136
4.9864
3.8311
1.8227
4.3047
2.0069
1.3879
4.4733
1.9160
1.2546
3.2077
2.3886
4.4697
5.0
3.6480
5.0
5.0
3.0644
4.6353
1.5311
1.4648
3.4326
1.8226
5.0
4.7096
4.6744
5.0
4.2445
2.6103
3.7743
1.5895
3.3596
2.9781
5.0
1.8656
5.0
4.6022
3.4414
5.0
4.4687
1.7625
2.8076
4.9066
4.2161
1.5731
2.0381
1.0598
2.4152
4.0574
4.1868
2.9853
2.6215
4.7167
1.6527
3.6564
3.5868
3.9186
4.3231
4.0282
3.2466
4.2836
5.0
0.8644
3.3409
3.6648
4.4337
1.1698
5.0
3.7618
3.8114
2.5844
2.4071
3.8063
3.1312
3.7947
2.9228
1.9797
3.8563
2.6270
3.5805
1.7534
2.5900
3.5168
3.3283
4.7114
1.9596
2.4702
5.0
3.6176
3.3473
5.0
4.6487
1.7554
1.2168
0.2282
2.0245
2.7102
2.6209
5.0
3.1177
3.7876
3.4131
3.2062
2.9706
2.8383
2.9420
3.5755
2.4109
4.0388
1.6278
4.9676
3.7480
1.8848
3.9774
5.0
2.6285
2.4940
2.9985
2.5920
4.3269
3.5876
2.8144
3.6994
4.9420
2.8903
4.5530
5.0
1.9767
4.9708
4.4422
1.9432
1.8325
4.4483
1.0017
3.6432
3.7693
3.0282
4.1739
2.4583
1.4611
3.7974
4.7916
4.7602
3.1706
5.0
2.8672
4.5826
4.5921
2.1128
4.8544
2.0426
2.9297
4.4871
0.2374
5.0
2.8908
4.2330
3.1259
4.1910
3.3215
2.3234
4.3535
4.3114
3.2065
3.2923
5.0
2.3768
2.8564
1.6977
2.9332
1.9977
1.6895
2.4594
3.5706
2.6610
3.4292
1.1019
0.7924
1.2873
3.3143
3.4171
2.9556
4.8822
2.8610
1.7667
2.9397
3.8179
4.8550
4.5699
3.2855
5.0
4.6887
3.2580
3.9487
2.5544
4.9523
4.1889
1.9853
4.5158
2.6753
5.0
3.3025
3.0333
4.8841
2.1573
2.6566
4.4076
4.1628
3.3572
3.3658
4.5681
4.8954
3.9867
4.9839
4.9810
2.8378
3.4223
4.7105
2.9024
4.0861
2.8361
1.0950
3.1429
2.9865
3.8303
1.8233
4.8755
5.0
3.4098
4.3664
1.3518
2.3864
4.4321
3.8883
0.9899
2.0020
3.5456
2.4523
4.5230
3.2014
1.4974
3.3084
2.6379
2.7476
3.7226
2.7385
3.5808
1.3158
3.3463
2.1848
1.4433
4.3100
1.8348
4.6299
3.7166
4.3464
2.3132
3.9113
1.9728
3.8442
5.0
3.1677
2.0502
0.8889
3.0063
4.3532
2.8427
4.7772
2.2157
3.8965
4.9695
2.2775
0.7802
2.6444
4.5359
3.6021
2.1640
3.3824
3.2290
2.2815
5.0
4.1180
4.7272
3.0438
4.0268
3.0058
3.7426
3.9501
4.0533
1.6013
2.7286
1.7980
4.4608
3.2310
3.2671
2.9043
1.2755
4.1764
2.0361
2.2831
2.9086
4.7915
5.0
3.7399
5.0
4.1823
1.6310
3.0336
2.2078
3.4631
5.0
0.2254
2.7563
0.9476
5.0
5.0
4.9257
2.6196
3.0461
2.9754
3.8885
2.5465
2.8866
3.4687
3.9904
2.4743
3.3942
4.3562
4.0275
4.5036
3.4261
3.3367
4.5792
2.6046
3.7546
5.0
3.3498
3.2183
2.6656
3.5917
3.4187
5.0
3.4287
4.0199
3.8134
4.0473
1.1968
3.9631
2.5626
4.0426
3.5134
3.2045
4.1674
2.3731
3.3859
4.4250
4.3392
3.9733
1.1037
4.2685
3.3678
2.2089
3.9343
4.4217
4.2191
2.0632
3.5258
5.0
2.2835
3.3886
3.9357
4.9098
1.6592
5.0
5.0
3.6494
3.5605
4.7355
3.4796
4.4250
1.2218
1.8246
2.2029
3.7296
4.2143
5.0
2.4831
4.8880
4.7001
4.0974
1.2964
1.2618
1.5971
3.6353
1.3961
4.1721
0.2762
5.0
1.6481
1.7971
3.8618
5.0
2.5113
3.9561
3.0205
2.0525
3.9453
3.4143
2.3135
2.2738
3.7569
4.1518
2.0718
4.6080
3.6239
3.1425
4.1271
2.5067
2.7756
1.9436
4.0018
5.0
3.3758
4.5363
2.8820
4.0990
3.1620
3.4647
4.0994
3.8619
1.2947
0.5453
3.2344
4.0167
1.5423
3.4321
5.0
4.7769
2.0107
3.0962
5.0
4.8520
2.9157
4.8372
1.3748
4.8352
1.6214
3.6329
1.5712
3.6594
4.9752
5.0
2.5823
1.2401
3.2517
1.6775
3.4641
3.3802
2.1186
2.6201
3.5530
3.3039
1.2570
4.7644
0.9085
2.8118
2.6606
3.9029
4.0217
2.2807
3.3482
3.4671
3.9816
3.1024
3.8838
4.6435
3.0159
2.7223
3.8548
2.7395
5.0
5.0
2.6913
3.0427
4.0941
5.0
4.3010
1.3834
5.0
3.6002
3.8591
2.5573
2.8858
2.7973
2.8890
4.6960
2.3405
5.0
4.6978
3.0227
2.2583
3.5402
2.1120
3.0436
0.9386
4.1638
2.0728
4.0360
2.2110
4.7588
1.6890
3.2851
2.1819
1.3140
0.7136
3.5558
3.0659
2.9621
2.8833
4.0010
5.0
2.5532
3.0487
2.1609
4.8446
3.4594
2.3326
3.1481
1.3193
3.3103
2.5206
4.1870
3.2814
4.1545
4.3661
3.6690
3.3712
4.3950
3.9948
4.1069
3.5934
0.8824
1.6284
2.2001
3.6720
3.1469
4.8575
4.4703
1.3471
1.0636
3.6296
5.0
2.9726
2.8476
2.7119
3.8007
2.7583
4.6118
1.2617
4.3587
1.3213
4.9073
2.9434
4.7469
4.0674
2.8548
4.4555
4.6988
3.8085
4.4998
2.3233
3.4516
3.9237
4.5821
3.6502
1.8397
5.0
1.7716
3.0468
4.0686
0.0188
0.6650
3.4085
3.5516
4.2319
4.3791
2.8560
3.7654
2.3902
4.9609
1.6550
0.7571
5.0
1.6762
4.0372
3.3277
2.9025
4.4010
2.3446
3.6055
2.0760
4.3353
4.4670
3.5504
2.7340
2.2063
1.1722
3.5280
3.7014
3.4807
3.9188
3.6675
3.1163
1.5891
4.3751
3.8564
4.6975
2.4266
2.6291
4.8733
3.7584
4.8185
4.2994
2.4588
3.6467
5.0
5.0
4.5006
3.1877
2.4044
4.3833
5.0
3.8659
4.6765
5.0
5.0
3.3415
3.1112
4.6201
1.5043
2.0715
4.9256
5.0
5.0
4.0227
5.0
2.3303
2.0225
3.9537
2.6659
3.7534
4.0601
5.0
2.7573
2.1799
1.3709
3.7222
3.7642
2.9616
3.1110
4.5784
2.8070
3.3894
4.1347
2.7389
5.0
3.9850
1.4648
1.4168
2.7179
1.8008
1.7416
5.0
2.1709
3.0173
2.2064
3.1030
1.0148
3.3526
4.2893
3.0326
3.5456
3.5058
3.6835
2.0416
4.4427
2.7144
5.0
3.6132
4.1340
2.3348
3.7180
3.4534
4.5739
1.6484
3.0037
2.3260
1.5797
2.6269
4.0203
4.8811
2.2897
4.6860
2.3236
2.0317
5.0
1.6094
3.4981
2.7754
3.2937
2.6368
3.8117
5.0
3.6053
2.8382
1.8548
2.5886
1.9483
5.0
3.8079
5.0
2.3602
3.6882
3.6217
3.0688
1.9202
5.0
4.0871
1.6178
4.1472
3.8766
4.7498
2.6706
4.3058
3.2574
0.5761
3.4198
3.1015
1.6862
5.0
4.4492
3.4583
4.8388
3.3420
1.7866
4.2581
2.2890
2.7643
4.5059
0.4192
2.0307
3.3711
5.0
2.7755
3.4274
5.0
3.8981
4.8944
1.6931
2.9952
3.9341
3.6360
3.8591
4.4147
3.7251
2.0715
2.8864
1.3056
3.5823
3.5775
2.1253
3.1404
4.4464
4.7591
3.5925
1.9844
2.6547
2.4726
3.6494
2.8039
3.1754
3.8132
2.3516
1.4597
1.9438
3.2414
2.0395
3.0535
2.5766
1.6844
4.4131
1.0687
3.8356
1.9210
4.7283
4.3479
3.6673
2.8227
4.8623
3.8620
4.2735
4.8734
1.3572
2.5898
4.4378
2.6458
1.3024
2.1266
4.1760
3.8921
5.0
1.2862
3.1291
1.5692
2.2914
2.5371
2.4979
4.3720
3.2795
3.1030
5.0
0.7182
3.2821
3.0807
1.2006
3.5744
3.9671
1.8462
3.4796
0.6824
3.4784
3.4468
2.9361
2.2659
4.8013
4.5306
2.5976
2.8410
4.4668
4.3126
2.4894
4.9938
2.9914
4.9183
0.2042
2.3299
3.3722
3.8329
4.1915
5.0
1.4455
4.3006
4.1238
3.7980
5.0
2.5057
2.6958
3.4024
1.9130
3.4338
3.1723
2.1695
2.3664
3.7786
5.0
3.7573
3.6590
4.0584
4.3720
3.2911
4.8573
3.3010
5.0
3.4003
5.0
4.8554
2.5971
3.7950
3.9313
2.7391
1.8858
4.2113
3.4037
4.8297
2.6459
2.8317
3.1926
3.2459
5.0
0.7098
4.1635
5.0
2.7335
2.2666
2.2528
4.6182
4.8526
4.5876
2.5320
3.3440
4.2576
1.1209
2.1747
3.4886
2.4411
3.0141
2.8070
2.7531
3.2643
2.4154
2.6683
0.6827
3.3283
3.0844
3.0751
0.3281
3.2545
2.3192
2.1960
4.3722
4.4236
3.1683
3.1925
1.6350
2.7345
1.8769
3.1187
3.7423
1.0456
2.2236
2.2029
3.6133
3.6795
4.1916
1.3153
3.2253
0.9664
3.7327
3.7885
2.3045
3.9047
4.4835
2.2594
3.1087
2.6691
4.3687
4.2979
4.8806
1.5867
3.6022
3.9710
3.8557
4.2084
2.8970
1.5255
4.7929
0.0
2.4386
3.4262
1.5437
3.3436
2.4053
3.6031
2.9250
5.0
4.2234
5.0
4.1216
1.7205
2.8496
4.5914
5.0
1.1680
2.9566
4.2816
5.0
1.6747
3.1109
3.4756
4.2684
1.7787
2.3250
3.2524
2.9940
2.6153
2.9859
4.7072
4.2712
4.6815
4.1538
2.1504
2.5710
1.3460
4.1652
3.4458
3.6799
2.7121
2.5139
1.8667
0.4156
5.0
3.5947
4.4192
2.7516
4.0313
4.2778
3.4766
4.5370
3.3594
5.0
3.9818
0.7056
1.4280
2.8339
3.5807
2.7526
5.0
1.5841
4.1891
4.5486
4.0863
1.3506
3.7948
5.0
3.3242
3.0258
4.1650
1.9362
4.7488
2.9421
3.3502
4.7611
3.8797
1.9538
2.0103
4.1406
3.8494
0.8911
1.6711
2.6194
2.2306
3.4749
2.3578
3.1775
2.2339
3.3055
2.7746
3.1644
1.6477
3.6241
2.0104
3.6529
5.0
5.0
3.4505
3.7250
5.0
2.5810
4.0564
3.8223
3.9751
4.3821
5.0
3.5103
2.3290
4.7149
4.8973
3.3543
1.8226
2.4509
5.0
3.6067
0.5505
2.4992
2.6013
3.9114
3.7138
0.3619
3.4888
3.6730
3.6690
3.8057
3.3894
4.1208
2.7551
3.5553
5.0
4.6046
5.0
5.0
4.5459
2.5046
3.3954
5.0
3.1577
4.1519
3.7225
3.9587
3.8548
1.7988
3.9892
5.0
1.9883
1.0308
1.7348
4.9174
1.5156
2.1166
3.7715
4.1996
4.9298
3.0209
3.2697
2.0026
4.7927
5.0
2.4407
2.5163
4.7375
2.4979
1.4198
3.1523
3.7632
5.0
4.4162
3.6785
5.0
3.9327
4.1518
4.5230
3.4101
2.7842
4.5022
2.1113
4.1884
5.0
3.4241
3.0777
3.2593
4.0130
5.0
2.1572
2.9219
3.8756
3.8232
3.9414
2.3576
4.2165
5.0
3.5514
2.5544
3.1782
1.6807
2.8484
3.0852
3.6566
4.6408
4.0312
4.8300
3.2890
3.1243
2.8294
5.0
1.1195
0.8959
3.0188
2.2487
4.0622
0.3352
4.1316
3.4464
5.0
4.9427
1.1754
2.5150
2.2953
3.4873
4.3314
4.1440
2.0465
3.6589
4.5036
2.8954
4.7636
4.1820
2.0777
3.2047
2.6473
2.3380
3.3903
3.5706
5.0
3.2874
3.3718
3.5755
0.8053
3.7178
4.6348
4.6991
2.4398
3.5537
3.4457
3.1967
4.0161
1.0757
5.0
2.0901
2.5720
1.8422
2.6351
2.5934
3.2872
5.0
3.6901
5.0
2.9825
4.7302
3.7967
4.7350
2.0853
5.0
2.3199
5.0
2.4880
3.2229
2.8007
4.5459
2.8092
3.9441
3.0675
5.0
1.7237
5.0
2.2723
3.5509
2.9252
3.1365
1.1443
3.2817
3.6014
3.6594
4.1623
3.8192
4.4064
4.4391
2.1309
5.0
2.5128
3.7585
5.0
2.7158
5.0
4.7445
3.3595
3.9304
4.8351
2.6265
4.5358
3.4356
2.7018
3.3265
1.5946
4.5442
2.3371
3.4038
3.4584
4.1556
3.5417
5.0
2.1929
4.5388
4.1166
4.3887
3.5670
1.4657
3.2649
2.9665
3.6849
3.8323
3.1511
5.0
4.3582
2.3314
4.2459
2.4386
3.1933
4.0048
3.2410
2.8361
5.0
2.8730
2.0702
3.4346
5.0
4.8576
3.1000
5.0
4.1254
3.2555
1.3825
2.8324
3.9077
1.0943
0.7008
0.8800
2.4721
5.0
3.4790
4.3863
5.0
2.4233
3.7252
4.5721
1.5467
3.9277
2.0471
4.5958
2.8095
4.3215
4.5389
4.4511
3.6396
4.1325
2.9193
2.6301
4.5789
3.8667
2.6307
3.7804
5.0
5.0
2.7723
3.7799
2.3382
4.5492
3.4621
4.1290
1.4427
1.3011
4.9486
4.0610
3.6789
2.0591
5.0
0.6632
4.1850
3.4813
1.5329
5.0
2.0858
2.5320
1.8522
4.1463
2.9115
2.6515
2.1354
2.9863
4.0951
4.2461
3.5275
4.3034
2.5831
3.3434
4.5494
0.4448
2.3137
