1.6659
1.8434
4.0996
4.2383
1.8083
2.1031
3.1121
2.7280
1.6577
4.0360
3.7355
2.3983
1.6082
2.0077
3.8874
3.8773
2.1604
1.6882
3.6941
4.1025
1.8899
1.6657
4.1701
4.8564
1.2541
2.3989
3.5229
2.7658
0.9206
2.9564
4.2888
3.9028
1.9129
2.1305
2.9250
3.9287
1.7213
2.5272
3.7355
3.9318
1.6545
2.9368
1.8403
4.2723
0.7961
1.5097
4.7628
3.3475
1.4516
2.6244
3.8977
5.0
1.8641
2.8749
2.7249
4.4157
2.1783
2.2754
1.9717
3.8896
2.0385
3.1036
4.1697
4.9200
2.1949
1.5351
2.5565
4.7131
1.5857
3.5676
4.0885
2.3587
2.5694
3.8274
2.1969
3.6809
3.8334
2.1649
1.8474
4.0547
1.7130
2.0045
3.3666
1.8438
3.9495
3.5176
0.5397
3.9807
3.2693
1.9793
3.0580
1.7211
1.8430
3.6374
4.1568
1.3715
3.9137
2.5565
0.9691
2.6567
1.0037
2.5876
2.1150
1.5868
0.6997
3.1789
1.7727
3.4761
2.6152
2.5047
1.1892
2.3590
2.2514
2.0748
1.4345
2.7572
1.6157
2.0865
1.8638
3.9714
1.8186
3.0511
1.6620
3.2175
1.3128
3.0693
1.9520
2.2466
1.5443
2.8177
2.8432
2.1630
1.7348
2.5015
1.8674
2.1287
0.4494
2.1179
1.2191
3.7854
1.5115
3.2890
3.0460
2.0819
2.0677
2.3201
0.9063
2.5139
1.5032
1.9944
2.4744
2.9368
2.3408
2.7681
0.9188
3.2341
1.7336
2.8266
1.5012
2.6811
1.6078
2.6188
1.9406
3.8730
0.9232
1.8101
1.1510
2.1781
2.4569
1.3880
0.5222
2.1526
1.9165
2.2698
1.9011
2.9511
1.4723
2.5942
1.2589
3.6534
0.5576
2.0715
0.3562
3.0991
2.3365
2.8034
1.5547
2.6584
2.6439
1.6316
1.9066
2.7935
2.0521
2.5629
1.5996
4.0861
1.3080
3.0797
2.0285
2.5525
2.1576
3.6255
1.6759
3.2318
1.5753
1.4289
2.3438
3.8750
2.1869
3.1496
1.1476
2.3824
0.9419
2.6286
1.2868
3.3258
1.9152
1.8589
1.5389
3.6114
1.4579
3.9226
2.3607
2.2240
1.7351
1.9725
1.2781
3.2638
1.9884
4.0486
1.3096
1.9110
2.9539
3.6600
1.8113
2.7656
1.3727
3.5364
2.2008
3.5703
1.2197
1.9944
2.3230
3.9150
1.4402
2.1194
2.0180
1.4016
1.6738
2.5408
1.6860
1.4618
1.3927
2.1216
1.4030
1.2396
0.7096
2.0310
1.7008
0.8867
2.4264
2.6539
2.1540
1.2396
2.0707
1.9914
1.5351
2.0716
1.5582
1.8118
1.7085
1.5382
2.1044
1.6079
1.7195
1.7416
1.7150
2.6634
1.9780
2.0045
1.4979
0.9791
1.3499
1.4985
1.1355
1.2186
1.5070
1.4664
2.2222
1.2100
1.3495
0.7032
1.1015
2.1345
1.9215
1.4615
1.9282
1.4157
0.3872
1.4151
0.6799
1.8015
1.5650
1.3000
2.0035
0.5587
0.9829
1.8906
1.1080
0.8563
1.8523
1.2804
2.6574
1.0730
1.8369
1.6348
0.8058
2.7670
1.4469
2.0146
2.2944
2.1002
1.7005
0.8380
1.2568
1.5032
1.6201
1.4063
2.7373
1.4142
0.9882
1.2373
1.3944
1.8067
0.9270
1.9735
1.5686
0.7268
2.6067
1.5413
2.1565
2.1185
1.9310
1.1869
1.3638
2.0962
1.4708
1.7947
1.5113
0.2509
1.6689
1.5369
0.8450
1.8380
0.6474
1.6385
1.8116
1.8426
1.5232
1.5761
1.7182
1.3882
1.5936
2.4602
2.6310
1.6124
1.0454
1.4362
1.4426
1.7360
0.2129
1.3245
2.7366
1.5399
1.3666
1.7507
0.9667
1.6822
2.1785
2.7722
1.4979
1.0777
0.9545
1.2762
1.6457
1.9661
2.1129
2.0074
1.8750
3.5615
1.7526
1.3713
1.0915
2.4799
1.6743
1.0952
1.2078
0.9855
1.7042
1.8812
1.7137
1.8899
1.6302
1.7999
0.6244
2.7327
1.0115
2.5154
1.9851
1.5573
0.7898
1.2569
0.9313
1.7438
1.7141
2.0982
1.8337
1.5159
2.2488
1.2777
1.5984
1.3032
1.4496
1.0680
0.9109
0.9606
1.8493
1.5863
1.5244
1.9510
1.6802
1.2939
1.5681
1.1415
1.4174
1.2144
1.6682
1.3500
1.7685
1.6355
2.3376
1.6713
2.4352
2.3908
1.8080
2.2916
0.9474
1.6561
2.3548
1.8475
1.6050
1.4886
1.8525
2.0567
1.3153
1.7103
1.6077
1.8104
1.0606
1.7560
1.1740
1.3026
2.0909
2.2874
1.4624
1.9914
1.0864
1.2882
1.7058
0.7771
1.4930
1.5136
1.6948
1.8630
1.0555
1.0704
1.1234
1.4371
1.8081
1.4294
1.9601
0.6185
1.8854
2.1010
1.2815
1.3478
1.5059
1.9601
1.5441
2.3550
1.5845
2.6163
2.6420
1.6296
1.4799
1.0488
1.4091
2.0513
1.4870
1.2746
2.5774
2.1552
1.3890
1.5597
1.7528
1.5673
2.1776
0.5944
1.8814
1.6498
1.3505
1.5819
2.4084
1.3691
1.7462
1.9577
2.3857
0.7436
1.4109
1.8171
1.8323
1.0759
1.4249
1.6620
1.6867
0.4778
1.1047
1.2893
0.7690
1.9009
1.0846
1.4907
1.3163
1.7090
1.2309
2.5029
2.0859
0.8422
1.9178
1.7790
1.8897
1.2683
1.7893
2.0778
1.5543
2.4254
1.5304
1.2522
1.6700
1.8255
1.4666
1.6980
1.4710
0.7307
1.6813
1.2088
1.4168
1.6803
2.0266
0.9847
2.3620
1.8694
1.0187
1.1981
1.4591
2.6831
1.1240
1.4857
1.0896
1.5860
1.6105
1.1896
1.7202
1.4994
1.2922
2.0087
0.7689
1.6366
1.0592
1.2394
1.3796
1.4424
1.3573
1.9305
1.8082
2.0438
2.2038
1.7284
2.2756
1.2137
1.4196
1.6897
1.9780
1.8430
1.3559
2.1401
1.5382
1.6160
1.3751
1.2692
1.0336
1.8614
1.1328
1.7055
1.7987
1.6651
0.9770
0.4993
2.0559
0.2850
0.6589
1.3319
1.0733
1.4018
0.6405
1.5206
1.3121
1.4157
1.1768
1.6076
1.3338
2.3426
1.3478
2.4080
0.9484
1.9204
0.9649
1.3946
1.2447
0.7256
1.8174
0.9691
1.7780
1.5261
2.1401
1.1702
1.4185
1.9857
1.3675
1.8835
1.6808
1.6646
0.9334
1.4843
1.5303
0.6937
1.7522
2.0949
1.2781
1.9104
1.1281
1.5071
1.1199
1.2732
1.0990
1.8066
1.4283
1.0863
1.8990
1.9661
1.2059
1.7266
1.2943
1.4595
1.6891
1.4777
1.8573
1.6673
2.2834
1.3208
1.5877
1.8910
0.8065
1.6044
1.3187
2.0783
1.4583
1.3284
1.7395
1.4143
2.8607
1.8562
1.0611
1.1149
1.2353
1.6131
2.1208
1.8078
1.5916
2.0114
0.5798
2.1996
2.3153
2.2377
1.2625
1.8713
1.8822
1.3746
0.9102
2.5624
1.6892
1.5799
1.6420
1.4858
1.2235
1.3124
3.1248
1.2462
1.1599
1.6011
1.9064
1.2862
1.7777
1.7271
1.8042
1.9648
2.5770
1.1575
1.1565
1.1378
1.6028
1.2190
1.0815
1.3218
1.4464
1.3310
1.7843
2.6405
1.3637
1.8750
2.0563
1.8297
1.0988
1.2412
2.1200
1.3507
1.6789
2.3043
1.8094
1.3413
1.0823
1.7193
1.5754
1.3828
0.8128
1.4534
1.4265
0.4267
2.0227
1.4476
1.4313
1.4756
1.6567
1.6727
1.0796
1.3077
1.4846
1.4372
1.8392
1.4995
1.7326
0.7805
0.6554
1.9697
2.6578
1.2214
1.4279
1.9553
1.6735
1.4900
1.8087
1.1839
0.9506
1.8141
1.8348
1.3347
2.2616
1.4654
1.4443
1.2833
1.2094
1.3049
1.8904
1.2726
1.0944
1.8084
1.0268
1.0865
1.6984
1.5548
1.9888
0.9576
1.2808
1.5470
1.8924
1.7691
1.0128
1.5449
0.8923
2.9616
2.3999
1.8661
1.5983
0.9207
1.3864
1.8511
1.4521
0.8533
1.1984
2.3573
1.2713
1.6105
1.8567
1.0571
0.9585
1.4521
1.8445
1.4267
1.5467
2.0847
1.4005
1.7152
1.6358
1.2054
1.4394
1.7668
1.8862
1.5348
1.1368
1.5136
1.4384
1.1973
2.3069
0.6157
1.9220
0.7356
2.7398
1.5159
1.3653
1.5341
2.6866
0.8829
2.0931
1.1727
0.5930
1.4398
1.9444
1.6675
1.4627
2.9259
0.9965
1.0639
1.3354
1.2418
2.1540
1.4652
1.2232
1.5407
2.1606
1.5687
1.1339
1.6318
2.6765
1.3921
1.3417
1.4134
1.5899
1.9247
1.8217
1.4441
0.9273
1.4937
1.3096
1.4000
1.6902
1.4391
2.6526
1.6722
2.3693
2.4123
1.4369
1.8145
2.4433
1.5096
1.7647
1.7675
0.8458
2.8322
0.7786
1.6656
1.8673
1.7077
1.1226
1.1451
1.6606
2.8353
2.8031
2.1632
2.5647
2.5918
2.5262
1.9228
2.4656
2.4204
0.9075
2.3322
1.0750
2.1162
1.9056
1.8747
0.8193
2.1493
2.1903
3.0790
2.1811
1.5014
1.8879
2.0343
0.7425
1.6141
2.1185
2.2011
1.8287
0.8118
2.1070
2.3533
2.8919
1.1434
1.3561
0.9363
1.3096
1.7666
1.4067
1.7506
2.0009
1.4644
2.0604
1.8389
1.6767
1.5864
2.1914
2.0828
2.3418
1.1112
1.7618
0.6687
1.5501
2.0848
1.3933
1.6692
1.0362
1.4931
1.0448
2.1306
1.3699
1.1119
0.3878
1.7213
1.0115
1.9352
1.9362
2.1766
2.2319
1.8080
0.5002
1.5628
2.0948
1.8315
1.8534
1.4988
1.9681
1.1818
1.3078
1.2525
2.8190
1.0588
1.4907
1.1163
0.6285
2.4186
1.1894
1.8768
0.7319
1.1991
2.4812
2.3896
1.8441
1.3029
1.8712
2.4343
1.5075
0.4975
1.0664
1.7500
1.4089
2.2903
1.3708
0.3793
1.4665
2.5247
2.0800
1.5523
2.0039
1.4690
1.5465
0.8690
1.4278
0.8778
2.0079
1.0168
2.3726
0.9606
1.0415
1.7269
1.7192
1.6529
1.5050
1.6448
0.6016
1.9829
1.4331
1.7168
1.0776
1.2387
1.7368
1.6312
1.4314
2.0887
1.6988
1.7366
1.4455
1.3465
1.4017
1.6488
1.6396
1.4319
1.3950
0.9514
1.1768
1.5953
1.7449
1.1507
1.0816
0.8943
1.2535
0.4358
3.6125
1.8637
2.3704
2.2241
2.7622
2.4042
0.5385
0.8704
1.7910
2.1653
1.0877
1.3911
1.3429
1.6596
1.7936
1.7229
1.4691
2.0950
1.7862
2.0066
1.5180
1.6527
1.6242
1.5837
1.9384
1.4591
1.9793
1.1077
1.7819
1.6774
1.7996
3.1912
1.8186
1.7880
1.4706
1.2734
1.5840
2.5417
1.3003
0.8502
2.2260
2.1587
1.8700
2.2969
2.6709
2.2075
1.4154
1.3154
1.5450
1.3727
1.8636
3.2973
1.6975
1.7748
1.9112
0.8390
1.3378
2.0498
1.3614
1.5381
2.3677
1.5841
1.7341
1.3742
1.3580
1.1909
2.3139
2.6926
2.0487
2.1025
0.9164
1.2594
1.0172
1.4798
1.5392
1.1911
1.4203
2.5177
1.4508
1.8155
2.3237
1.7016
0.8268
0.7561
1.1424
1.4454
0.7068
1.6784
1.2006
1.5459
0.9797
3.7133
2.1832
1.4243
1.6429
1.5510
2.3196
1.5358
1.4149
1.0503
1.3057
1.1191
1.7979
1.8261
2.0485
1.8142
1.4009
1.6537
1.1365
2.2025
1.2667
1.6954
1.3934
1.2210
2.1178
1.5758
2.4293
1.4205
1.0575
1.3940
1.3833
0.7859
1.5028
1.5575
1.5315
2.4761
2.3360
0.9566
1.4958
2.1222
1.7117
2.0622
1.2361
1.4800
0.4748
3.1581
1.6086
0.8468
1.6760
0.9972
1.7672
1.9522
2.5991
1.3666
1.0045
0.8913
2.3176
1.3131
0.8033
1.7139
1.9731
2.8894
1.5823
1.6849
0.9746
1.0989
1.4253
1.8757
1.1030
2.5344
1.2373
2.0617
1.5840
1.7837
1.6014
1.7184
1.6603
1.1520
1.4438
1.9436
1.5074
1.8541
1.6775
1.5512
1.0053
1.9347
1.6390
1.8438
1.7364
1.8355
1.4496
1.2432
1.6409
1.7053
1.3792
1.0455
1.7728
1.4873
1.5894
1.3641
2.0133
0.9578
1.1755
1.6280
1.5025
0.7102
1.4754
1.6228
0.9983
1.4449
1.0016
2.0813
1.8113
2.3257
1.2211
1.2941
1.1902
2.8819
1.3322
1.0624
0.5366
2.2064
2.0413
1.5562
2.1871
2.1409
2.5674
1.5312
2.9777
1.4766
1.1844
0.8764
0.2023
1.2660
1.2776
2.2147
3.0392
1.1203
3.4552
1.0415
1.1117
0.8016
2.1457
1.9563
1.5550
2.5065
1.3350
1.5671
2.2605
1.7030
1.8297
1.4191
1.4066
1.9362
2.5503
2.6318
1.4409
2.1666
1.3706
2.0035
1.8483
1.7516
1.2086
1.3443
1.2260
1.5659
0.5985
1.5448
1.3756
1.7915
1.7466
1.5861
1.0983
1.8729
1.5930
1.5913
2.3344
1.0791
1.6359
1.3729
1.6497
0.6814
1.6095
1.7261
1.8777
1.0023
1.3735
2.2500
1.3899
2.0002
2.4642
2.0159
1.8107
1.9484
0.7976
3.9258
2.0614
1.2806
1.4220
1.2974
1.3721
1.8717
0.8519
1.5087
2.0610
1.5257
0.7939
1.6541
2.7005
2.5909
2.1963
0.8603
1.7975
1.8497
1.7261
2.1236
2.3662
2.3120
2.7661
1.4034
1.7775
1.2398
1.9374
2.3357
0.9225
1.0554
0.8793
1.5026
2.0133
1.0415
1.6463
1.8143
1.7935
1.1514
1.6084
1.2892
1.8406
1.9725
1.5671
1.5749
0.9471
1.6264
2.9436
1.7561
1.0259
1.3153
4.0293
0.8659
1.1808
1.2075
1.5938
1.2950
1.9957
1.3811
1.6132
1.5555
1.4186
0.3073
1.5259
1.7171
1.6103
0.9022
1.9280
0.9866
1.9293
1.4689
1.9552
1.7773
1.9146
0.9304
1.2154
1.7818
2.4776
1.8365
1.3238
0.8630
1.6929
1.2169
1.1174
1.0067
1.2226
1.2317
1.8001
1.8302
1.3052
1.2230
1.0002
1.5008
1.3888
0.9129
2.0516
1.9595
1.7473
1.6799
2.7251
1.0652
1.7179
1.0481
1.9590
0.7908
0.8552
2.0133
1.4950
1.5402
1.2456
0.6161
1.6133
1.6687
0.9495
1.7771
0.6630
1.7479
1.4200
1.0783
1.0631
1.5170
1.9716
1.5744
1.2302
1.6567
2.1448
1.3181
1.4930
1.8759
1.8851
1.5387
1.3990
2.1113
0.7844
1.8913
1.0750
1.9837
1.8369
2.4377
2.0777
1.4361
1.8512
0.8420
1.5554
0.9349
2.0580
2.1168
1.5345
2.3234
1.0164
2.5517
1.3096
2.1355
1.5496
1.3687
1.5465
1.1908
1.1838
1.5546
1.9162
2.0303
2.5203
0.9531
1.9220
1.9444
1.1664
1.2414
1.9171
0.8057
1.4557
2.0018
1.0858
1.6260
2.0651
1.1467
1.9025
2.3235
2.0697
1.1037
1.2440
1.8707
1.2748
2.0274
1.3733
0.5767
1.5348
1.9155
1.8198
2.0220
1.1850
1.6143
2.7797
1.1310
2.0791
1.7673
1.3479
1.9235
1.5267
1.6027
1.7936
1.8856
1.4392
1.9462
1.4146
1.6888
1.2350
2.3200
0.9146
0.9948
2.2603
1.2803
1.5774
1.0764
1.9384
1.6219
1.5903
1.5524
1.5619
1.6793
1.7780
3.5218
1.9527
1.1534
1.9437
1.1379
2.9899
1.9166
0.8561
1.7132
3.9531
1.8283
1.1661
1.5465
2.1300
1.7092
1.6704
2.0872
0.9330
1.4501
3.2500
1.2821
1.5370
2.2544
1.4225
2.4091
1.0398
3.2553
2.0956
3.4371
1.5448
1.8079
1.4641
1.3073
1.3305
2.5035
1.3479
1.3488
0.6800
2.5296
1.1805
1.5340
1.0972
1.2586
1.1085
1.8451
1.2204
0.8891
1.9331
1.6352
2.8012
2.1108
1.0012
0.8882
0.7168
1.6223
1.1078
1.2933
0.8999
1.1319
0.5102
1.0381
1.6607
1.2046
3.0582
1.2515
2.0887
0.6724
0.9834
1.3144
0.8467
1.6221
2.6802
1.8541
1.4000
2.0483
1.7421
1.2423
1.4996
2.4377
1.3136
2.8749
1.5306
1.2244
1.6188
1.8863
1.2861
2.3102
1.9537
2.2918
1.2414
1.5902
1.8213
2.4503
1.5474
3.1510
1.5764
0.7221
1.7806
1.2655
2.3691
2.4174
1.9086
1.9445
1.3646
1.2074
1.8030
1.7627
1.0392
0.7015
1.0647
2.1821
1.7249
0.5276
0.9051
1.3438
0.5484
2.0622
2.2547
2.2610
1.5177
1.0300
2.1167
1.7130
2.3402
1.9244
1.3544
1.6510
2.0401
1.5288
1.2230
0.7777
2.7143
2.3445
0.9320
2.2811
2.1444
1.4356
2.0334
1.9796
2.0727
1.7516
2.3157
1.9015
3.2616
2.3021
1.5254
1.0562
1.0472
1.7051
1.4809
0.8397
1.3221
1.6899
1.4854
1.7726
1.3202
1.9644
2.0686
2.3048
1.1468
1.5194
1.2526
1.8133
2.3447
1.2548
1.4919
1.8962
1.1835
2.1367
2.5879
0.7267
1.5179
1.6081
1.1919
1.9402
1.8063
1.6522
1.7485
1.6293
1.1082
2.5815
1.1827
1.2641
0.8988
1.2930
1.3124
1.9857
2.3010
1.4877
1.3063
1.2727
2.5648
0.8989
1.2814
2.0687
1.8179
1.8881
3.4540
1.6851
1.0883
1.8166
1.4827
1.2648
1.4601
1.9204
1.8839
1.2779
1.7466
1.1791
1.8518
1.9901
1.5654
1.7819
0.9445
1.4699
1.5012
1.7546
2.5798
1.8122
1.8906
1.2300
1.2045
1.3848
1.4946
1.4880
1.0513
1.5136
1.7082
1.8787
1.4005
1.2737
1.7139
1.1413
1.5231
1.2542
1.3715
2.1108
1.7617
2.0137
1.7034
1.6901
1.3386
1.6977
1.4366
2.1361
1.4581
1.7008
1.7649
1.5242
0.8694
2.1941
1.9252
1.7510
1.4785
1.2083
0.7991
2.3175
1.6853
0.7494
2.7353
1.2634
1.4787
0.7359
1.0531
2.1224
1.1700
1.5905
1.4855
0.9168
1.1075
2.0176
1.7740
1.9110
0.5535
1.9000
2.0301
1.5430
2.0469
1.4333
2.6101
2.0875
1.4584
0.7983
1.7019
0.9944
1.7772
1.8545
1.9855
0.6550
2.1080
1.6337
1.4454
1.3945
2.4975
1.1799
1.7667
1.4682
1.0465
0.7812
1.9816
1.1664
2.6076
1.2988
1.9111
0.3982
0.8980
1.6875
1.2693
1.5107
2.3816
1.4551
1.6318
1.8877
1.5892
3.1869
1.6193
0.8063
0.8679
2.4328
1.5613
1.9407
0.9064
1.8116
1.2611
1.8374
1.5728
2.0501
1.1550
1.2059
2.6003
1.2173
0.8602
1.5998
1.7648
1.8075
0.7337
2.0313
1.7632
1.3831
1.6900
1.6710
1.2358
1.1550
2.0393
1.6086
0.8769
2.2534
1.5898
1.6480
1.5157
1.2467
1.7204
2.3256
1.5342
0.6486
1.7841
1.7312
1.6176
1.7397
2.5663
0.9875
1.9862
1.5983
2.5636
1.4729
1.8503
1.2504
1.1703
1.1799
1.9306
1.5598
2.0400
2.8700
1.7660
1.5091
1.6341
1.5668
1.2862
1.5359
2.1452
1.5372
3.2857
1.7888
1.8699
1.2425
2.2711
1.6533
1.6329
1.9524
1.5320
1.8835
2.2153
1.1978
1.2238
1.2876
0.9611
1.6369
0.9893
1.9895
2.1238
1.3313
2.0806
1.5691
1.4739
1.3965
1.5702
1.6410
1.6408
1.4745
0.8694
1.8179
2.1579
1.6857
1.3280
0.4522
1.3178
1.2863
1.8066
0.7078
1.9837
2.5496
2.4276
1.5106
2.0446
2.7332
0.4791
0.6955
2.0679
2.0026
2.1437
2.8367
1.4295
2.2108
0.9821
0.9925
2.3176
1.5232
1.3380
1.3738
2.0173
1.4217
1.6813
2.0176
1.3167
1.4888
1.1995
1.5479
1.9366
1.0682
