2.7567
1.4846
2.4318
1.4396
1.3462
1.4527
1.5479
2.0633
1.4017
0.7919
1.7203
1.5365
0.6718
1.7234
1.0957
1.9212
1.1004
0.9088
1.4287
1.6352
1.3017
0.9800
1.0413
1.7209
1.3199
0.9987
1.8010
2.1460
1.0126
0.8834
0.8581
1.7934
1.3370
0.6757
1.1325
1.4517
1.2702
1.0878
1.3430
1.9747
1.1365
1.1926
0.5841
1.6485
1.4697
0.8752
1.8517
1.0008
1.7380
1.2339
2.7546
1.3042
0.8802
0.8008
1.6359
0.7814
0.7137
1.5603
0.6485
1.3767
0.8859
1.2687
1.1345
1.2048
1.1925
1.5494
1.5135
1.1419
0.7796
1.8029
1.0672
2.2612
0.6229
1.1608
1.2068
0.9884
1.1125
1.4579
0.7475
1.2854
0.6676
2.0226
0.9273
1.0465
1.4331
1.2692
1.4220
1.7060
0.7098
1.5987
0.8737
0.9433
1.3662
1.2011
1.2711
1.5700
0.8055
0.9863
0.5958
0.3206
1.8199
2.1107
2.1881
1.4172
3.0190
3.1673
2.2806
2.1894
2.3272
1.3384
1.0352
1.6550
1.6911
1.8166
1.6313
1.5272
1.6771
2.0351
1.4577
1.3094
1.1572
1.7147
0.6908
1.3004
1.7446
1.0292
1.9662
0.7715
1.3614
1.9671
1.5701
1.3539
0.6040
1.1954
1.1562
1.0999
1.2782
1.8006
1.8263
0.7709
1.6187
2.9588
1.9571
1.2793
0.7162
0.8948
1.2743
0.9109
1.1503
1.2625
1.4903
1.2257
0.4102
0.8293
1.4820
1.2679
1.0530
1.1734
1.0352
1.1978
0.6274
1.4704
1.2542
1.1877
0.8532
1.5448
1.5362
1.1029
0.9265
0.7978
1.1642
1.6084
1.2146
0.9436
1.3440
1.1981
0.8943
0.8565
1.5480
1.4278
0.9372
1.7941
0.8935
1.8287
0.9926
1.3526
0.7935
0.8684
1.2531
1.1952
0.3883
1.0675
1.0156
0.6288
0.8847
0.9806
1.2635
2.4579
1.4816
1.4884
1.6753
1.3259
1.7140
2.1014
2.1880
1.2821
2.2503
2.3666
1.7319
0.9897
1.8989
1.8943
1.3687
0.7935
1.2066
0.6651
1.4176
0.8544
0.6808
1.2573
0.9895
1.0309
0.7426
1.2732
1.0608
1.3809
1.8098
1.4103
0.9460
2.3288
1.2293
1.1928
1.1051
1.5809
0.9655
1.4284
1.0582
0.7861
0.7403
0.6864
0.8023
0.9678
1.3852
1.9264
0.9186
0.9889
1.1394
1.5546
1.1166
0.8810
0.7356
1.0915
0.7498
0.9338
1.0707
1.5149
1.5065
1.3052
0.8228
0.8454
1.1614
0.7361
1.5586
0.5986
0.7241
1.0420
0.9288
1.3949
1.2001
1.1475
0.7175
1.2149
1.0223
1.2898
1.2931
2.1884
1.2192
1.1658
0.9309
0.9796
0.6950
1.3302
0.9702
0.8922
1.2896
1.1860
1.4113
1.2716
1.2970
1.0768
1.3841
2.0736
1.5168
1.2134
0.9352
1.1059
1.1075
1.3509
0.8053
1.3588
3.2624
2.3069
1.1379
2.0306
1.3809
1.6831
1.2219
1.3638
0.9494
1.3074
1.6247
1.1100
1.8059
2.4544
1.6822
2.2314
1.7797
1.3328
0.9999
1.9759
1.4931
1.5977
1.0849
0.9591
0.9154
1.3066
1.8388
0.7735
1.3913
1.5310
1.7247
0.9203
1.8340
0.8785
1.0688
0.7779
0.6599
1.5795
1.2569
0.8872
1.2919
1.4849
0.8044
0.5922
1.1554
1.2688
0.8274
0.8478
0.9584
0.6041
0.6623
1.3921
0.9571
0.9327
1.0193
1.7268
0.8857
1.2958
0.7638
0.9340
1.4891
1.3658
1.2196
0.9693
1.6609
0.8842
1.2770
1.1843
1.3955
0.5978
1.2977
0.7746
1.3445
1.5953
0.6957
0.8796
1.4148
1.1486
1.5271
0.8123
2.1043
0.9150
0.7437
0.6256
0.5681
1.0483
0.3650
1.7187
1.3950
0.5865
1.3013
0.6726
0.7851
1.6312
0.2831
1.0905
0.9846
0.7770
1.2270
1.0782
2.8976
2.4626
2.9686
0.7758
2.6422
2.4295
1.6930
2.1084
1.3311
2.2397
2.8452
1.4902
1.1870
1.8764
1.6333
1.8840
0.4129
2.0226
1.5649
1.2368
1.5661
1.6893
1.9601
0.8611
0.9793
1.9273
1.8637
1.9608
1.5514
1.4100
1.0831
1.6498
2.0263
1.6916
0.8632
1.0391
1.7181
1.2288
1.3659
1.2227
2.0312
1.8661
1.5729
1.0831
1.3165
1.8051
1.4897
1.1350
1.7072
1.7505
1.7868
0.8552
2.2429
1.3616
1.2140
1.4984
1.0764
0.9036
0.9005
1.2588
0.8566
1.4020
1.3091
1.2676
1.5266
1.2108
1.4683
1.3384
1.8391
1.2976
1.6607
1.8086
1.6439
1.0949
1.2715
1.3457
1.7690
2.6539
1.0837
1.0712
1.1852
1.2445
1.9883
1.7689
1.0470
1.3194
0.9760
1.6369
1.4159
1.2402
1.5354
2.6282
1.1094
1.4641
1.8297
1.8916
1.8676
1.5189
1.0562
0.6811
2.8769
3.2818
2.6017
2.4230
1.7964
1.2912
2.1048
1.9290
2.6062
2.5968
1.4555
1.1631
1.2243
1.5325
2.0556
0.9268
1.2993
1.7445
2.0789
1.6546
1.5930
1.9149
1.8429
2.8702
1.7724
2.0682
1.1719
1.9607
1.7219
1.3861
1.5486
1.7733
1.4119
1.0484
1.2312
1.1635
1.5914
0.8051
0.9094
1.5016
1.2112
0.9945
1.4867
1.1290
1.5156
1.8098
0.8344
1.2158
0.9096
1.0174
0.6006
0.9457
1.4892
0.4217
1.4591
1.6525
1.0887
1.2731
1.2368
1.1730
1.5478
1.3777
0.8631
0.9811
1.5758
0.9828
0.9566
1.3818
1.2483
1.5924
0.9909
1.4514
0.8719
0.7667
1.5482
0.4486
1.1712
1.7931
1.2309
0.8878
1.0515
2.2029
1.5401
0.7717
1.5430
1.3147
1.5473
1.5855
0.6865
0.7986
1.7117
1.0963
1.6176
0.8922
0.9586
0.8625
1.0152
1.1509
0.8198
1.0041
2.4101
1.3466
1.4525
1.3778
1.4302
1.9065
2.2157
2.2322
1.8860
0.8493
1.5847
0.9129
1.5373
1.3130
1.7638
1.5528
1.8971
1.5923
2.5546
1.1996
1.7507
0.9400
3.1344
1.1212
1.5714
1.5163
0.7669
2.1113
1.0737
1.2980
1.0914
1.5804
1.2025
0.8054
1.3500
1.0191
0.9559
1.7756
1.9125
1.3668
1.7929
1.6380
2.9295
1.1361
1.3179
1.3889
1.7982
0.3655
1.7063
1.0666
1.6099
1.3438
1.7170
2.1933
1.2401
1.9838
1.6745
0.8437
1.1778
2.0694
1.2302
1.6786
0.7638
0.9332
1.7295
0.7720
0.7044
0.9129
1.5639
1.5660
1.1421
1.7907
1.4247
1.0353
1.3177
1.7883
1.6095
1.5495
1.1766
1.2659
1.0707
1.2735
0.8226
1.9624
1.1133
1.1819
0.5197
1.8229
1.0111
1.4658
0.6262
0.6422
1.3439
0.7950
1.0291
0.9634
1.0784
1.2725
0.8327
1.2021
2.2739
2.4028
2.2118
2.0530
2.5875
1.5598
1.3883
3.1148
1.1869
2.3646
1.3487
1.3074
1.5659
1.8039
2.6481
1.6110
2.0894
1.6004
1.8990
1.3876
1.0059
1.7180
1.2011
1.5799
1.1964
1.0785
1.3200
1.7692
1.0781
1.2873
1.3627
2.5997
0.9580
0.6698
1.8844
1.7880
2.0022
1.3817
0.7370
0.8751
0.8519
1.2343
1.8373
1.6391
1.8445
1.3730
0.9795
2.0918
0.9225
1.2913
1.7974
1.5932
1.2220
1.2590
1.3087
0.9720
1.6216
1.3456
0.9413
1.4277
1.0253
1.4507
1.1732
1.2492
1.3886
1.2340
1.5856
1.4214
0.9930
1.3610
0.9046
1.1649
0.7520
1.6184
1.3468
1.6496
0.9373
1.2648
1.6521
0.8418
0.9970
1.3390
1.9720
1.0571
1.7584
0.7424
0.6549
0.7818
1.2340
1.6402
1.2037
1.5282
0.8811
1.3755
1.2326
1.9962
0.8720
0.7590
1.2017
1.6174
3.2038
1.8966
1.9195
2.7845
2.9185
2.1433
1.5556
1.8528
1.3723
2.1721
2.6151
1.4655
1.9508
1.3919
0.9329
1.7331
1.7735
1.4551
1.2854
1.2833
0.6216
1.9324
1.3020
1.5754
1.8431
2.0932
0.9133
1.5553
2.1717
1.1591
0.9184
0.8823
1.1658
1.3951
1.2208
1.1464
1.5954
1.7520
1.8805
1.1107
0.8270
2.7483
1.3097
0.8903
1.4191
1.4543
1.2445
0.9492
0.8684
1.5243
0.7517
1.2250
1.4679
2.0928
0.9930
1.0023
0.7979
1.2831
1.1098
1.3715
1.1063
1.7713
1.3952
0.6402
0.9177
1.6303
1.1661
1.4229
1.5418
1.0571
1.7591
1.5384
1.7311
0.9766
1.5867
1.2533
0.6212
1.5579
1.4602
1.4875
0.5862
1.2529
1.2818
0.9070
0.9508
0.7704
2.0733
1.1668
1.9263
1.3120
1.7174
1.1270
1.5157
0.9413
1.4585
0.5257
0.9029
1.7505
1.0817
1.7148
2.6855
2.2129
3.0350
1.1950
1.6324
1.7588
0.9045
1.8959
1.8965
1.4310
1.5151
1.8738
1.2036
1.5462
1.9131
2.0209
0.8209
1.5242
1.3010
0.8787
1.9647
1.2079
0.6646
1.2578
1.5167
0.8838
0.6091
1.3439
3.0343
1.1205
1.3505
2.7342
1.0089
1.4848
0.8000
1.9464
0.7895
2.0879
1.7353
0.8799
0.6284
0.7647
1.3429
2.1969
1.1493
1.0898
2.0122
2.1620
1.7924
0.9089
1.0800
0.7887
1.2289
0.5747
1.7283
1.3140
1.4090
0.9009
1.8534
0.1268
1.3063
1.3833
1.7563
1.2152
1.2069
1.3592
1.0684
0.9366
1.0771
1.0044
0.8539
1.2023
0.9875
1.4038
1.1253
1.4275
0.6821
0.8953
0.8395
0.7887
2.0003
1.5513
1.6978
1.0763
1.6235
0.9282
0.7829
0.7561
1.2339
0.8299
1.3051
1.5776
0.4667
1.4131
0.7473
1.3836
0.9911
1.7528
1.3864
1.2108
3.8218
2.8449
1.6693
1.5007
1.8524
2.4875
1.1315
1.1163
0.7265
2.3674
2.9102
0.7605
1.4898
1.7133
0.9857
2.0367
1.0756
1.3996
1.0122
1.1538
2.0268
1.5426
1.1345
2.0618
0.9142
0.8191
0.8633
1.1759
1.6852
1.3415
0.6433
1.9055
2.2361
1.0287
0.7327
2.5017
1.0788
1.0958
1.0521
1.3425
1.4782
1.2023
1.2497
1.5698
1.9501
1.9396
0.8585
0.6372
1.2642
1.8081
1.4525
0.8376
1.5523
1.2964
1.4182
1.2148
0.8031
2.1911
1.7275
1.0711
1.2682
1.8302
0.9074
1.0838
1.4620
1.1184
0.7857
1.0693
1.1121
0.8128
1.2450
1.0492
1.2914
1.0378
0.9434
0.8137
1.1435
1.3474
1.9683
1.1337
1.0514
1.4978
1.0059
0.8824
1.3585
1.0588
0.8115
0.4846
1.1081
1.7163
1.5075
2.0234
1.2882
1.2854
0.6760
0.4839
1.1412
0.5819
1.1082
0.9752
2.0466
1.3479
2.1012
1.7265
1.2985
2.0934
0.5436
2.3690
1.9517
1.1589
1.6696
1.1653
1.8385
1.4911
0.8838
3.6467
1.7711
1.7182
2.1197
1.0719
1.3432
1.7968
1.6494
1.3777
1.6121
2.1098
2.0089
1.6762
1.1698
1.5518
1.6700
1.0274
1.0777
1.5111
1.8516
0.7318
0.9248
1.8561
1.4658
1.4242
1.7355
0.9244
1.2863
1.0573
1.6871
1.4844
1.7744
1.9933
1.0551
1.5055
1.0955
0.8684
2.0119
1.8727
1.7318
1.3764
1.6002
1.1089
0.8706
1.3953
1.9551
1.3899
1.0214
1.8246
0.8238
0.6406
1.3804
1.3783
1.3789
0.7693
0.9691
1.5790
1.3498
1.7640
1.5513
0.9817
1.5311
1.1386
1.1193
1.3716
1.2372
1.5997
0.9171
1.3031
1.0823
1.0323
1.0914
1.2598
1.1574
2.2159
1.7364
1.7023
1.4354
0.8359
0.6966
1.1532
1.1078
1.4218
0.8747
1.2475
4.7643
2.4065
1.8991
1.3432
1.1762
2.3704
1.8811
1.6549
1.3466
2.9392
2.4714
1.5447
1.3962
1.2124
1.4245
1.9987
1.9103
2.5078
1.3699
1.4121
1.2947
1.5104
1.8065
3.1576
1.5584
1.3012
2.1041
1.3862
1.2419
1.2984
1.2437
0.4880
1.7181
1.3722
0.7101
1.3292
1.0844
1.3107
1.5613
0.5703
0.9676
0.9722
1.5198
1.1727
1.2404
2.2266
1.4179
1.9555
1.5572
1.3980
1.4741
2.0603
1.9596
1.7697
1.5346
1.7061
1.0302
0.7502
0.7811
1.6796
1.9123
1.1543
1.2159
1.3534
1.3243
0.9274
1.2862
1.0653
1.7940
1.0934
0.9881
1.5777
0.9702
2.1780
1.6313
1.2025
0.9021
1.6499
1.1342
1.0921
1.3173
1.5845
0.8198
2.0989
1.3490
1.0507
0.9758
0.4986
1.6815
1.1366
1.2013
1.2860
1.3950
1.2125
0.6002
1.1961
1.7786
1.9297
1.4841
0.9950
2.1216
2.0352
2.1495
1.7027
1.9482
2.2061
2.2431
2.0245
1.6102
1.8503
1.5575
1.7203
1.2121
2.1768
1.3150
1.4060
1.1591
1.9706
1.3528
2.4881
1.8793
1.5107
1.1912
1.4075
1.4587
1.7673
1.3455
2.1868
1.0799
1.4350
1.6630
0.9026
1.4320
1.9759
1.2011
2.0876
1.2199
1.7176
1.3831
1.3301
0.8767
1.8125
0.6684
1.6601
1.3015
1.3305
1.7983
0.8538
1.4251
1.6485
1.0649
1.1319
1.3391
1.4691
1.6279
0.7505
1.3644
0.9859
0.9210
1.5600
0.7861
1.5891
1.6291
0.8600
0.8992
2.0454
0.6774
1.0106
2.0156
0.9527
1.2314
0.6253
1.0963
1.1070
1.0069
0.9367
1.5113
2.3298
0.8326
1.7179
1.5194
0.6454
1.3107
1.1570
0.5743
0.8823
1.3140
1.3321
1.1887
1.0012
1.1217
2.1474
1.0382
1.2330
0.7287
1.3642
1.2647
1.2208
2.0725
0.8441
2.6474
3.3975
3.4367
2.3236
2.3541
1.8841
1.5808
2.0503
1.7403
2.5669
1.4903
1.5170
2.5223
1.8920
1.4330
2.1863
1.9890
1.9228
1.6488
1.5533
1.5384
1.5358
1.7835
0.9659
1.8065
1.7909
0.8797
2.9216
1.2044
1.5028
1.8927
1.8787
2.2560
0.8967
1.1276
1.6000
1.7682
1.9615
1.2437
1.8831
2.2600
1.7898
1.2878
0.9668
1.4236
1.4703
1.7766
1.1761
1.2797
0.7535
1.6985
1.2479
1.3540
1.8329
1.7691
1.1518
1.4714
1.1214
1.6974
0.6862
1.1076
2.4110
1.1866
0.8957
1.3183
1.4855
1.2921
1.2086
1.3772
1.3190
1.2002
1.4601
1.0105
2.6034
0.6697
1.2983
0.4947
0.9797
1.7336
1.3984
0.9722
1.0504
1.2419
2.0862
2.0574
1.4792
1.4501
1.6741
1.8359
1.0306
1.6741
1.6534
0.9758
0.8976
1.1323
1.2274
1.1562
1.2197
1.8146
1.5915
3.2619
3.7621
1.1218
1.7503
1.2524
1.8956
1.2694
1.1282
1.0843
1.0877
1.8586
1.5029
1.7250
1.7394
0.9254
1.3303
2.3550
0.9997
2.2500
1.8838
1.0034
1.4677
1.6541
0.9840
1.6772
2.3094
0.3814
0.9948
0.9932
1.6132
0.9393
0.9953
1.7241
0.9659
0.7806
1.2289
1.4038
1.3220
1.3014
0.9675
0.9380
1.3431
0.5654
1.1835
1.1839
1.1124
1.6971
0.8419
1.0706
1.2273
1.1841
1.0184
0.8371
1.5214
1.4461
1.0584
0.9376
1.6956
1.4978
1.5082
0.7570
0.4583
0.7757
1.5651
0.8312
1.6392
2.5298
1.7904
1.1561
1.0284
1.0707
1.2487
1.1852
1.3713
1.7906
1.5433
1.5525
0.8211
1.2253
1.0720
0.6499
1.4562
1.4445
0.8456
1.2777
1.3828
0.9728
1.0000
0.4228
1.2137
1.4372
1.1849
1.3646
0.5911
1.6647
0.6953
0.8748
0.8989
1.3967
1.4233
2.8464
3.0981
1.3613
2.3865
1.8089
1.7594
1.8229
1.6968
2.2013
2.6421
1.8232
1.2749
1.6212
1.6371
1.8847
0.8311
1.7732
1.2749
1.4299
1.4433
1.9097
2.0633
1.2334
2.2358
1.9043
1.1531
1.4001
2.1323
0.6620
1.1573
1.6351
1.7520
1.7197
0.7080
1.5992
1.0323
1.5056
1.3585
1.6469
1.7990
1.3349
1.5709
0.6789
1.3216
1.2599
0.8691
0.5225
0.8128
0.9595
1.5208
1.3143
1.1229
1.4827
1.3163
0.6504
0.9563
1.2101
0.7464
1.1329
0.9305
0.7231
1.1587
1.5136
1.8224
1.4311
0.6816
1.1670
1.5089
1.0326
0.8763
1.1737
0.8979
1.3130
1.7184
1.3937
0.8838
1.6602
1.3532
0.8444
1.0519
1.7707
2.8541
0.7203
0.9173
1.4703
1.9245
1.7222
1.1429
1.3470
2.4388
1.5908
1.9406
0.8195
1.4109
1.3247
1.1431
1.4010
1.3602
1.5179
0.9636
4.4916
2.6648
3.2802
2.6353
1.7634
2.1268
1.8232
1.9535
2.2379
1.4159
1.9180
1.9333
2.1088
2.1811
1.4142
2.2751
2.0450
2.1350
2.9351
1.7197
3.0326
1.7310
2.1376
1.9344
1.4821
0.9279
1.6017
1.0021
1.6694
1.1401
1.1021
1.9571
1.4344
2.0794
1.6122
1.7369
0.7704
1.3445
1.2469
1.2549
0.9564
1.5880
2.2812
1.1495
1.3091
1.8256
1.7176
0.9196
1.2298
0.8526
1.5891
1.5957
0.8287
1.4822
1.8454
1.9528
0.7648
2.0267
1.0060
1.5907
1.6022
2.0997
1.4907
1.1201
1.4354
1.0517
2.0984
1.4089
1.6288
1.1184
1.5977
0.9733
1.0348
1.8986
0.8487
1.9576
1.0006
1.5311
1.8362
1.2854
0.8872
1.9288
1.1178
1.2741
1.0436
2.0660
1.3930
0.9228
0.6753
1.5495
0.8701
1.8153
1.4757
1.2833
0.9800
0.9530
1.0003
0.8458
0.8802
1.0897
2.3107
3.1277
1.9036
2.2040
2.5610
2.3005
1.4704
2.5424
1.3191
1.4949
0.7613
1.7852
0.9540
1.7417
1.6455
1.3324
2.6147
1.3559
1.5779
1.7709
1.9617
1.3746
0.8345
1.5245
1.0773
1.5143
2.0079
1.1031
2.2522
1.4237
1.8520
1.0552
1.3174
1.2816
1.3894
1.3450
0.9910
1.3242
1.3891
0.9572
0.5869
0.8663
1.1960
0.9202
1.3227
1.1672
0.3950
1.7104
1.7473
1.1655
1.7222
1.4674
1.6521
0.9259
2.6564
0.8136
1.4200
0.9984
1.8178
1.2573
0.7473
0.9778
1.5355
0.9855
1.2007
1.3478
0.9930
1.5564
1.0632
1.5294
0.9739
1.3653
1.0222
1.1169
1.9742
0.8570
1.3173
0.7260
1.0913
1.5092
0.6896
1.5892
0.8626
1.1103
1.1933
1.2894
1.1017
1.3729
1.2808
1.3781
1.5976
0.9879
1.0532
1.1719
1.0288
1.0084
1.0014
1.6567
0.5972
1.4265
1.9523
2.0920
0.7032
1.3762
2.0123
1.7869
1.9042
2.0905
2.1820
1.7852
1.4287
2.2545
1.3773
1.2426
1.4543
1.6579
1.1262
0.8839
0.7501
1.5595
0.6911
0.6953
1.0414
0.9783
0.7381
1.4929
0.9109
1.1493
1.0064
2.2116
0.6577
2.5270
1.5931
1.0726
1.3225
1.0314
0.9317
1.5797
0.8629
1.2654
1.3047
1.0288
1.3624
0.9733
1.8906
2.1312
0.8578
1.1166
1.2646
1.6061
1.0252
1.1985
1.3470
0.9314
0.8950
1.0602
1.8973
1.0157
1.9686
1.1921
1.0397
0.4231
1.3476
1.5489
0.6868
0.7827
0.9688
1.2918
0.7665
0.5521
0.7197
1.2594
1.1700
1.4324
1.2378
1.4483
1.0195
1.1905
1.5534
0.9561
1.0160
1.5204
1.6129
1.1834
1.0820
0.8815
0.9547
1.6828
0.8304
0.9758
1.7194
2.0224
0.5146
0.8998
1.0690
2.2533
1.3212
1.2477
1.3181
1.1987
