2.0129
3.5619
1.9999
2.1440
2.0858
2.9313
3.4828
1.9790
1.8848
2.1773
2.1986
2.2760
3.9246
2.2178
2.1534
2.1856
2.9789
4.2191
3.2966
2.9402
1.8169
3.0832
2.1935
3.1674
3.0083
3.1024
3.0620
2.1431
3.1671
3.2374
1.7726
1.9770
3.3097
2.0476
3.2374
1.9619
1.9930
3.1517
3.6871
2.2155
3.9868
1.9096
3.1624
3.0697
3.4766
2.2731
3.5745
2.9605
3.7594
2.9497
1.8649
3.1203
2.0134
2.0208
1.8445
2.2317
2.1503
2.9747
2.0184
3.6044
3.8920
3.1986
3.2803
1.8783
3.0671
2.2543
2.0492
1.9970
3.6050
3.4650
1.8397
3.5331
1.9477
2.9934
3.1357
1.8622
3.2584
3.2237
3.9378
2.9915
1.8587
3.5242
2.2155
2.9695
1.8564
2.1567
2.1513
3.5313
2.9233
3.7660
1.9550
3.0486
2.1191
2.2066
3.0249
1.8230
3.9349
3.7582
3.0321
3.7612
3.1545
2.9117
2.0462
1.8219
2.9530
2.1780
3.2965
3.0011
3.2727
2.1393
3.8665
3.2627
1.9497
3.2065
3.9126
2.0915
3.1883
1.9627
2.0964
2.9989
2.1723
2.2046
2.0612
2.2757
3.2020
3.5569
3.9156
3.1959
2.9721
3.5792
1.9188
3.6120
3.0790
3.1167
2.1802
3.1000
3.7626
3.5714
3.2847
3.0246
2.0615
2.1780
2.2206
2.0297
3.1995
2.2297
1.8740
3.2998
1.7726
3.8474
3.1260
2.9988
2.0175
2.2540
1.9919
3.9321
2.1573
1.9391
3.0956
2.2634
2.2338
3.1676
3.1918
1.7726
2.1225
3.1309
2.9163
3.1816
1.9071
3.2854
3.6107
3.4923
4.1993
1.9651
3.2437
2.9113
1.9516
2.9236
3.4924
3.2636
3.1576
3.1237
2.9070
1.8285
2.9231
2.0850
1.8809
3.6923
4.0179
2.9598
3.7461
1.9151
2.9880
3.1674
3.1706
4.0033
3.0056
3.0076
2.0785
3.0581
3.0296
1.9486
2.0481
3.1290
3.6958
3.2999
3.1402
3.0711
3.1458
2.3071
2.0392
3.0401
1.7726
3.5928
2.3119
1.8666
1.7726
3.5225
3.6680
2.1215
2.9847
1.8487
3.8568
3.1623
1.7726
3.2432
2.0223
1.7726
2.9770
2.3072
1.9423
2.2783
4.0654
4.1511
2.0780
3.4766
2.9370
2.0396
2.0420
3.4842
2.0447
3.5404
2.1644
2.9425
2.9209
3.2473
2.0375
3.0616
4.1702
2.9389
3.8687
2.1269
1.8167
3.2248
3.2633
2.2958
3.2472
3.0917
1.7726
1.8686
3.2141
2.9696
3.0994
1.9841
2.1606
2.2759
3.1035
1.9682
1.8833
2.9838
3.0040
1.8155
1.9610
3.2632
3.1964
3.1502
1.9822
2.1572
3.1824
1.8350
3.6731
1.9530
3.5666
3.7059
3.1278
1.8770
3.5714
3.0060
3.7164
4.2104
3.2784
2.3108
3.7215
3.7791
3.2500
3.2877
4.1529
2.9456
2.1006
1.7726
2.1902
3.6499
3.0121
1.9834
1.7726
2.0988
3.7511
1.9195
1.7726
3.1296
2.9437
3.6278
2.0486
3.1125
2.0685
2.9333
3.6731
3.1802
2.2170
4.0075
3.6370
2.0378
3.6065
1.8065
2.2198
5.0
3.2151
2.2788
3.1343
1.8500
3.5399
3.5387
2.1819
1.8730
3.4678
2.0115
2.0446
3.8263
4.3257
2.0370
3.6736
1.9468
2.9680
3.0449
2.1675
2.9617
3.1844
3.8906
1.8437
1.8739
3.0891
1.8659
2.9170
3.0793
2.9649
2.2432
3.2419
1.8173
2.1728
3.2217
2.2559
1.9955
3.6059
3.6120
2.2038
2.2796
3.2622
2.3028
2.9563
3.6680
2.0051
3.0191
3.2066
3.9654
2.9183
3.9733
2.2749
3.8824
3.7479
3.4681
2.1112
3.9011
1.9196
3.4949
3.5635
2.0378
2.3128
3.0140
3.1145
2.9310
1.9855
3.0186
3.2724
3.4766
3.0963
3.6422
3.0066
2.1856
3.1597
2.1136
2.2643
2.2076
1.9080
3.0247
2.9532
1.9932
1.9534
1.8133
3.2125
2.0646
2.3056
1.9457
3.5787
1.7726
3.5615
2.0617
2.0075
1.8704
2.0043
1.7726
3.1015
1.9822
2.1824
1.9541
3.6493
3.0697
3.0050
2.9201
2.1176
3.0108
1.9016
2.3041
3.0873
2.1887
3.1597
3.0441
1.9476
2.0580
1.8999
3.7154
3.2724
3.6262
2.0212
2.2708
3.9519
2.0058
2.2151
1.8719
1.8143
2.2362
2.2908
3.5602
2.9152
2.0067
1.9727
3.5105
2.1328
2.1411
2.1463
3.7624
2.2759
3.5859
2.2905
3.6559
1.9804
1.9402
1.7726
3.2535
2.9300
2.0550
3.0263
1.8785
2.3122
2.9188
1.8441
3.2351
2.1682
1.9624
2.9536
2.9096
2.0429
1.9735
3.0901
2.2274
2.9994
3.4855
3.5343
1.8880
3.6080
3.0854
3.2535
2.0930
3.8015
3.0966
1.8514
1.8686
2.2458
1.9059
2.2851
2.1696
2.2740
3.0670
3.4681
2.2188
3.2671
2.1211
1.9532
2.0504
3.6135
1.8338
4.1511
3.4968
2.9841
3.8263
1.8904
3.4681
3.1135
1.7726
1.7726
2.2401
3.0729
2.9756
1.9651
3.1302
1.8528
3.0283
3.5361
2.2268
3.6538
3.6338
1.9016
2.2531
1.8296
2.9997
2.0970
3.2906
3.2940
3.5497
2.1435
2.0927
2.9428
2.9450
5.0
3.7479
1.9265
3.2542
2.1694
3.5404
2.1016
3.1116
2.1940
2.1790
1.9077
2.9256
3.4830
3.1531
2.1748
3.5674
3.0848
2.1755
2.0834
3.2891
3.6119
3.5849
4.1733
2.0017
2.1219
2.1458
2.2699
2.2737
2.2450
3.1329
3.8607
1.7726
2.9737
1.8347
1.8182
2.3116
2.9113
2.9758
1.7726
3.2618
2.9814
2.2196
2.1067
2.2681
1.9096
2.0980
2.0736
2.1484
2.1412
2.9981
1.9783
3.2327
2.9291
1.9730
3.9965
3.0917
2.2151
2.1683
1.8624
2.9479
2.2450
2.9916
2.1397
2.1876
3.0839
2.2734
2.1969
2.0267
2.0704
1.9270
2.9211
2.1416
2.0364
1.9651
3.2752
2.0224
2.9943
2.0343
3.1731
2.0638
3.5812
2.2429
2.1824
2.0232
2.9408
5.0
3.6120
2.9260
3.8550
3.6807
1.8182
2.3062
2.2818
3.6870
3.4657
2.1411
2.9666
2.1027
3.2138
1.7726
3.6721
2.2486
3.0930
3.7221
1.9451
3.7178
3.5082
2.9872
1.7726
3.6534
3.8080
3.0667
1.8883
3.5963
2.0802
3.2300
3.1890
2.2600
3.2128
3.6516
3.2987
2.2370
2.2486
2.1525
3.4980
2.9698
1.8277
3.1886
2.3084
3.9927
3.2164
2.1027
2.2869
3.8346
3.5535
3.4681
3.5225
3.8045
3.6473
2.0253
3.2285
3.5743
1.8648
1.8666
1.9649
2.1310
3.7403
1.8548
1.7726
3.7962
2.9435
3.2055
3.0168
2.9226
3.4766
2.0312
3.1808
3.4766
1.8928
1.8241
2.1046
2.1383
3.4895
4.0329
3.0333
3.5339
2.3060
2.1684
3.0365
1.9643
3.6951
2.0070
2.9195
2.1433
1.9772
3.1600
3.7123
3.5514
3.0355
2.2505
3.2695
3.1678
2.2407
3.7135
1.8180
3.0090
2.2515
3.2671
2.1876
3.9017
2.2529
3.6378
2.2537
2.1801
3.0704
3.0623
1.8985
3.0541
2.1322
2.1980
2.9484
2.1091
1.9423
3.0508
3.5707
3.7834
2.2210
2.0359
3.0307
2.2920
3.1790
3.1995
2.2201
2.2046
1.9416
3.2070
3.4998
1.8175
1.9463
2.9794
2.0131
2.9182
3.8200
3.2237
3.0349
1.8180
2.9713
3.1806
3.0874
3.2453
2.9296
3.0661
2.3051
3.2451
3.3053
2.2358
2.2185
3.1000
2.1740
2.2696
2.2926
2.9287
2.2952
2.2899
2.1922
2.0341
3.6596
1.7726
3.2415
3.0278
2.1715
1.9188
3.2131
3.5852
2.2129
3.0343
3.1131
3.0149
1.9530
2.0762
2.0923
3.2968
1.8630
1.7726
3.1922
2.9918
3.8663
3.7197
2.1095
3.0183
3.2215
2.2871
1.9055
2.0157
1.8649
3.0498
1.9842
3.0095
2.9261
2.1646
3.7774
2.2737
3.7409
1.7726
2.1367
2.1326
4.0167
2.2806
3.0808
2.1062
2.9925
1.9663
3.2275
3.1890
3.1421
3.8539
1.9750
3.8079
1.9669
2.2120
3.6398
2.0385
2.0676
3.8200
2.1073
2.1887
3.4631
1.7726
1.8461
2.1685
1.8662
2.0860
2.0420
2.9793
3.0116
2.2510
3.2141
3.1127
2.2034
2.0457
3.2554
2.2465
1.8168
3.0522
2.0899
2.2135
1.8927
2.9817
2.1958
3.5177
2.1346
1.8141
3.8359
2.0162
1.7726
3.5813
3.5904
2.9497
2.1738
2.0479
2.1847
1.9643
3.6397
1.8976
3.0483
2.1173
3.0766
1.9480
1.8725
2.9332
1.9841
3.2125
3.5182
2.2567
2.1372
3.1389
1.7726
1.7726
1.7726
3.0265
3.0176
3.5225
3.6283
3.0545
2.0799
1.9049
1.8290
3.2032
2.3054
2.2804
2.2342
3.0865
3.4644
3.8357
4.2419
3.0887
2.1150
1.9019
2.2599
3.2877
2.9458
2.1877
1.8443
1.8338
3.0685
2.9775
1.7726
2.1431
3.5634
2.9960
2.9836
2.0865
3.9639
2.2773
1.7726
1.9760
2.1285
1.7726
3.5670
1.9016
2.0202
3.1554
1.8637
2.9169
3.8692
2.1502
2.2004
2.0939
3.4928
2.0109
2.1370
2.1520
2.2128
3.0349
1.7726
2.1566
3.0662
3.0614
1.8979
2.0686
3.4748
3.2384
3.2831
2.2461
2.1469
2.0274
1.9035
1.9463
3.0764
3.6881
1.8215
2.0860
3.4737
1.9719
2.2403
2.0729
3.5392
3.1039
2.3041
3.6951
1.8315
3.8292
1.9182
3.5639
2.1038
3.1157
2.9177
2.9945
2.0453
2.9693
1.7726
2.1944
3.8071
1.9825
3.0135
1.9488
3.9514
1.9504
1.8715
3.2266
3.1956
2.9308
2.1263
2.0138
2.1989
1.8353
1.8273
4.4303
3.0471
3.5399
2.1013
3.5258
1.8459
3.2773
3.8473
3.6007
3.0522
3.0789
3.7380
1.9715
2.0707
3.1266
1.9035
1.8576
1.9426
1.8164
3.6693
2.1943
1.9302
3.2141
2.1051
1.7726
2.2666
3.0717
2.1889
2.1717
2.9680
3.5571
3.8860
3.0349
2.2472
3.2377
2.0274
2.2899
2.0459
3.4846
3.0043
2.2208
3.5659
3.1279
2.1344
4.0628
3.6240
2.9920
3.6120
2.0779
3.4998
2.2618
2.9559
2.2360
1.9648
2.1580
3.1598
2.0926
5.0
3.5286
2.0375
2.0808
3.5928
2.0708
2.2509
3.2435
2.1730
3.2497
3.0639
2.0781
1.8382
3.1362
1.9512
2.9759
1.8173
2.1823
2.9647
3.1808
3.5592
2.0935
2.9949
2.2761
2.0704
3.5983
4.1766
2.9856
3.5587
2.9731
1.8153
1.7726
1.8381
3.5877
2.2559
2.1947
1.8412
1.9893
3.5874
3.0614
3.5666
3.8824
2.1099
3.6444
1.8557
2.9314
3.0451
2.0245
3.5774
2.1028
3.0704
2.2971
2.9715
3.6572
1.9750
3.5083
2.1840
2.9064
3.0161
2.3098
2.9904
2.9113
3.6070
3.5007
3.9118
2.1489
3.0374
2.0649
3.0046
2.2100
1.9582
2.1860
5.0
2.1940
2.9530
2.9933
1.8844
1.9356
1.8677
3.0328
1.8166
1.7726
3.5591
2.0416
3.2999
2.2924
1.9480
1.9255
2.0506
1.9213
1.9831
2.0885
2.9072
1.8544
2.1703
2.0588
2.0057
3.1243
1.8582
3.0851
3.4837
1.9675
2.1982
3.8596
1.9035
3.2492
3.5635
2.0410
3.5431
1.9258
3.7948
2.0356
1.8880
3.0386
2.3023
3.6120
3.1935
3.1858
1.9040
2.0834
1.7726
1.8602
3.8213
1.9698
2.1337
2.1585
3.0073
1.8410
3.1363
1.9982
3.0668
3.8580
3.5957
2.2616
2.0729
1.8973
2.1099
1.8906
1.7726
3.6114
3.6870
1.9758
1.9484
3.7405
3.6881
3.6864
2.9629
1.9821
2.0229
3.5789
1.9762
2.2079
1.8363
1.9763
2.1116
2.0904
2.2921
3.0786
3.0523
1.9000
2.2589
2.1835
2.1010
1.8174
2.0704
3.9450
2.0066
1.8306
1.8671
3.0671
3.0889
3.7562
3.1984
1.8181
3.1579
3.0870
1.8727
3.1231
2.9497
1.9682
3.2343
3.0268
2.9908
2.9586
3.2324
2.1606
2.9143
1.8376
3.0832
3.1470
3.5719
3.8786
1.9821
2.0510
1.8319
2.0939
3.2034
2.1321
1.8961
3.1251
3.0324
2.1478
3.1247
2.1303
2.9408
3.6811
1.8103
3.3070
3.9528
2.1027
1.9434
3.7939
3.3068
2.0753
1.7726
3.4652
1.7726
3.1788
3.8149
2.0350
3.8327
2.9998
3.5770
2.2678
3.1995
3.6641
1.9739
2.0773
3.6120
2.1229
2.1229
3.1810
3.5635
1.8991
3.0207
3.6870
1.8175
3.7467
1.9356
2.9697
1.9943
1.8967
2.1850
3.6234
2.0701
3.0019
3.1188
2.1947
3.0319
2.9570
1.8105
3.6283
2.2921
2.1124
2.1719
2.2509
2.2199
3.0308
3.2502
3.4766
3.0187
2.9921
1.9913
3.4801
3.5928
1.8888
2.2256
2.2565
3.6212
1.9954
2.0082
2.9505
2.0371
2.1241
2.2321
1.9463
3.0538
2.0724
1.9827
2.0034
1.8167
1.8139
3.6556
3.7855
3.5944
3.5147
1.9685
3.1302
1.8290
3.1826
1.8463
1.8587
2.9851
3.6397
3.5806
3.2219
1.9207
1.9862
3.1881
1.9046
2.9139
3.2145
1.9842
2.9516
2.9932
3.0962
3.4941
3.3099
3.5719
2.2958
2.1974
1.8167
3.1068
1.9522
2.9501
1.9661
2.1328
3.0873
2.0682
2.1246
2.3054
1.8867
2.9624
1.7726
3.5497
1.8880
2.1353
1.8734
2.0649
3.1559
3.6383
3.9753
2.0784
3.8036
3.6290
3.0146
3.1676
1.9486
2.9880
1.9821
2.1443
2.1124
1.9927
3.6990
1.9674
3.6877
2.2532
3.1747
3.2945
3.3096
2.0863
1.7726
2.9221
3.6133
2.2312
1.9592
1.9849
2.0030
1.9994
2.9959
3.4913
3.1070
3.7201
2.9806
3.2013
2.1018
3.4941
1.7726
1.9541
1.7726
2.1761
3.6219
2.0551
3.4766
2.1051
2.9670
3.6647
2.9727
2.3124
2.2030
2.2429
3.7440
3.5960
3.8695
3.6951
2.9408
2.9245
3.1085
2.3068
2.0125
2.0565
1.8909
2.1837
1.8994
3.5974
3.4693
1.9180
2.9350
3.1449
3.4826
2.1483
2.1984
1.8247
2.9469
2.1881
1.9111
3.0779
2.2450
2.9809
2.3105
2.2059
2.0563
2.0781
2.1330
2.1269
2.2810
2.9361
2.1773
2.9789
1.9942
2.1796
3.2463
2.1342
3.2220
2.0721
3.8196
2.1318
2.1458
3.0986
3.1939
3.0616
2.1438
3.0431
1.9141
