3.6964
1.8796
1.9619
3.3022
3.1505
3.6455
3.6318
3.0986
3.9901
3.0958
3.8429
2.1099
3.4990
1.9716
3.2547
4.0768
3.8885
2.2313
3.2371
3.5134
3.7702
3.9202
3.6592
3.9629
3.0608
3.8148
3.4970
1.9453
2.1846
3.6234
3.2985
3.4991
2.2488
2.1829
3.5513
3.8079
2.9678
2.0759
2.9692
3.6294
2.2544
3.1264
3.9289
3.0217
3.7815
2.0649
2.0438
2.9373
4.0628
3.4804
3.2219
3.0400
3.7998
2.2591
2.1452
1.8419
4.1080
3.2087
3.5369
2.9932
3.4998
4.1573
3.1578
4.0277
3.0342
3.1292
3.4776
3.1595
3.2398
3.2457
3.7860
3.8063
3.7963
3.0399
3.0767
3.7574
3.7680
3.7323
2.3058
3.6079
2.1585
2.2644
3.7966
2.0530
2.2193
3.1035
3.9702
3.2028
1.9410
2.9718
2.9928
3.7023
3.3061
3.1174
3.2970
3.4855
3.1702
3.8082
3.5005
3.9753
3.0000
4.0092
2.2762
3.4665
2.2115
3.0847
3.2176
3.1880
3.7018
2.9548
3.2798
3.7559
3.8567
3.6586
3.2732
3.1798
3.5604
3.5965
3.9047
2.2004
3.8288
3.2472
3.2148
2.2908
2.1300
3.7112
3.5442
2.9556
3.5648
3.4893
3.0804
3.6467
3.1751
2.0300
3.2438
2.0014
2.2390
3.0631
1.9463
3.0852
2.0470
2.2944
2.1183
3.1354
3.4690
3.1360
3.0067
3.2226
3.8269
3.0376
3.0624
3.8087
3.7040
2.9986
3.8856
3.6048
3.1701
2.0598
3.1424
1.9937
3.6183
4.0232
3.6201
3.9760
2.2278
3.1937
3.8743
3.6198
3.1007
3.5116
3.6188
2.2755
2.1848
2.1983
2.9712
2.1116
3.8808
3.0229
3.1867
4.0092
3.5990
3.4753
3.5447
3.7475
3.1567
2.9723
3.1991
3.9265
3.2870
3.8633
3.2307
3.1543
3.1918
3.6753
1.9457
3.5604
2.0806
3.0112
2.1437
1.9295
3.7623
3.0667
1.9243
3.5930
2.1531
5.0
3.0890
3.2942
2.9106
3.3082
2.2246
3.2068
3.1829
2.2565
3.9169
2.2236
3.7475
3.6661
4.1001
2.9740
4.0970
3.4858
3.5781
2.0981
3.8937
3.8742
2.2947
3.2660
3.1864
3.1544
3.7771
3.8210
3.0061
2.1242
4.0041
3.0174
3.1826
2.2690
3.7566
3.0814
3.0665
3.4622
2.2088
2.2561
3.9331
1.8589
3.6857
3.9737
5.0
3.1425
3.2905
3.2496
3.9733
2.1470
2.9236
3.5633
2.2369
3.2242
2.2823
2.0920
5.0
3.6376
3.1000
3.9070
3.7894
3.0366
2.1590
2.1445
2.2788
2.1003
3.1699
3.1896
3.5835
3.1849
2.2659
3.2670
3.0682
3.2875
2.9406
3.0236
3.9085
2.0755
3.2702
3.7086
2.3054
3.0499
2.1012
3.7650
2.9610
2.2863
3.9733
4.2327
3.1564
2.2774
3.6621
3.2819
3.0981
2.2415
2.0557
3.5742
3.6840
3.0187
3.6265
2.0617
3.7164
2.9519
3.6183
3.2656
3.7086
3.5983
4.2926
2.9431
3.5937
3.2846
3.7699
2.9523
2.2111
3.0046
3.0239
3.6179
2.1421
2.1709
3.7346
3.8614
2.0118
3.6423
2.2750
3.6352
3.0331
3.6190
3.8250
2.1955
3.0904
3.0179
3.0811
3.7063
3.3096
2.9411
4.1664
2.0294
3.2959
2.9432
3.2829
3.6526
2.9306
3.7293
2.2121
3.5802
5.0
3.5119
4.0667
2.1427
3.8072
2.1089
3.1798
3.5091
3.2174
3.9083
3.8173
3.5468
3.5746
3.2470
2.2973
2.0609
3.1925
2.9478
3.2144
2.0059
1.8287
2.0344
1.9923
2.2030
2.1633
2.3116
2.9846
3.5823
3.7367
3.5636
3.0075
3.1298
3.8550
2.2623
4.2229
2.9905
2.1281
3.5731
1.8592
3.2870
3.1629
3.1526
2.2600
3.1449
3.9510
3.6437
2.1952
3.4740
2.2753
3.3108
3.4638
3.6352
3.7717
1.9882
3.1988
3.3057
3.4691
3.6053
3.6496
3.5711
3.2915
2.3073
2.0654
3.4835
2.2398
2.2559
3.2790
2.0377
1.9137
3.5581
2.9833
1.8441
3.6798
3.4865
2.9772
2.0202
3.5147
3.1996
2.0019
3.7905
3.7204
3.7138
2.2789
3.5785
3.0776
1.8314
3.0132
2.9240
2.0112
3.2525
3.0375
3.2812
2.0368
3.2345
3.5099
4.0120
3.7771
2.9507
3.9415
2.0470
3.9055
2.2437
3.9025
3.0871
4.0244
1.8366
1.9941
3.5159
2.1515
3.9047
2.2003
3.4688
3.6473
2.1459
3.5361
3.4710
3.1295
1.8798
3.9610
3.8469
3.7698
3.8572
1.9213
2.1788
3.7182
2.1627
3.6434
3.6864
3.0789
2.2847
3.0308
3.9047
3.8385
3.9445
3.1579
2.0540
3.1236
2.9711
1.8491
3.9265
2.9205
3.1276
3.0105
3.6730
3.0680
3.7660
3.2470
3.0673
3.3055
2.0157
1.9562
3.5426
3.1461
3.7086
4.0062
3.7595
2.2390
3.5048
3.1013
3.5391
3.2479
3.1385
3.2867
3.1898
2.0849
2.1678
3.5148
2.0870
3.2525
2.2158
3.7228
2.2111
3.5443
3.2788
4.1553
3.0149
2.2000
3.1186
3.2822
2.1935
2.1915
4.0092
3.8705
3.7029
3.7296
3.2761
3.7940
2.9382
3.7164
2.0088
3.6496
2.9838
1.8526
3.4797
3.8630
4.0415
2.0839
3.5765
3.2243
3.5913
1.8697
2.1505
2.2125
3.0431
2.1353
2.9737
3.9258
3.2372
1.8332
1.9160
2.1330
3.0838
2.9189
3.0267
2.0127
3.7475
3.9047
3.1523
3.1114
2.9872
3.9737
1.9325
3.1244
3.6663
1.9122
2.1511
2.3062
3.0988
3.7474
3.5655
3.7902
3.1754
2.0984
3.0296
2.9974
3.7244
2.0741
2.2589
3.2936
2.1782
2.0482
3.5312
3.6881
1.8997
3.0767
2.0858
3.5243
3.9454
3.2006
3.8250
3.6338
3.0087
3.1206
3.6888
3.6525
3.2339
3.2973
3.7714
2.2377
3.9510
2.1815
3.0095
2.9582
3.5348
3.2009
3.1340
3.5083
2.9286
3.1395
3.8125
3.8544
3.6977
3.5864
2.9159
3.5979
3.5359
1.8883
2.1086
2.1240
2.1042
3.1898
2.2713
2.9872
2.0280
3.4967
3.2572
3.4769
3.0180
3.5431
1.8880
3.2174
2.2279
3.2591
2.0674
4.0264
3.1604
3.1451
3.0604
1.8649
3.2678
3.2766
3.8451
3.0091
3.2742
3.5208
1.9865
3.9097
3.5966
3.7997
3.4975
3.8141
3.6654
2.0964
3.6303
3.7982
3.1792
2.9657
1.8906
3.5640
3.1811
2.1955
2.1636
2.2157
3.1923
3.4866
5.0
3.7610
3.2139
1.9354
3.7030
3.2019
3.1531
2.1627
2.9681
3.5376
3.5648
3.0939
3.2592
2.2822
3.7068
3.5130
3.0033
2.9967
3.8775
2.9882
2.2341
3.1030
3.0947
3.5451
2.9880
3.7475
2.2760
3.2060
3.7438
3.5554
3.6126
3.1313
3.2782
2.2807
2.2707
3.2185
2.9827
3.6430
2.9103
3.0389
2.2246
3.1993
2.2445
2.2477
3.6518
2.0434
2.1911
3.5245
3.6107
1.9540
2.0136
4.0806
3.0035
3.3121
2.3095
4.0283
3.1452
2.3046
3.8315
2.2038
3.8812
3.8498
3.5084
2.1088
3.0599
3.7962
3.1295
3.1505
3.2515
2.2331
3.2262
2.1140
3.0969
2.9722
2.1266
1.9946
2.2893
2.1120
4.1851
3.8992
2.2149
3.0781
3.0408
3.0521
4.0753
3.2982
4.1031
3.7498
3.7118
3.9169
2.2718
2.1347
2.9934
3.1186
2.2400
2.1437
3.0873
3.5876
3.9321
3.0812
2.0103
3.6519
3.5691
3.1000
3.6513
3.2737
3.2503
3.5992
2.2244
2.1381
3.7086
2.2067
3.5065
3.4808
1.8855
1.9946
3.9362
3.2377
3.1076
2.9113
3.1865
1.9891
2.3059
1.9566
1.8822
3.7270
2.0155
3.2809
1.8595
4.0895
3.9370
4.0777
3.0329
3.5322
2.1782
2.9630
3.1123
2.0344
2.3083
2.1015
3.2751
3.2930
3.4695
3.5785
3.7670
3.8898
3.4711
3.4800
3.9524
3.7266
1.9734
3.7564
3.0757
3.7024
2.1391
2.3023
3.7966
1.9321
3.8060
4.1592
1.8597
3.4770
2.0816
1.8681
2.1638
2.1921
2.1900
3.5376
3.5347
2.1999
3.6366
3.0811
2.2587
3.7559
3.4759
1.9676
3.2553
3.4958
1.8922
3.2280
3.2732
3.7926
3.9824
2.0427
2.9079
3.2189
2.2649
3.2711
3.5226
2.0844
2.1618
2.2205
3.6798
1.8870
4.1448
2.2322
2.9747
3.7458
2.2724
1.9247
2.1588
3.7086
3.0076
2.9753
3.5844
3.2497
3.6146
3.0666
3.1103
3.7625
2.9712
3.7052
3.1477
3.2936
1.7726
3.7855
2.2616
3.0386
2.0019
3.6357
3.0859
3.8881
3.7124
2.2706
3.0059
3.0640
2.2131
3.9033
3.0658
3.8109
3.5684
2.1842
3.0442
3.5881
3.1302
3.0694
2.1864
2.1159
2.2369
3.6800
3.0356
3.6864
3.2824
3.8371
3.6259
3.1672
3.6434
2.2623
2.2308
2.2884
3.0283
3.6555
4.0277
3.0951
1.9955
3.3038
3.1366
1.9420
3.1966
3.0335
2.2477
1.8906
2.9183
3.0747
3.4935
3.8520
3.9639
3.6101
3.1587
3.6551
3.1801
2.2623
1.9525
2.9484
3.6938
2.9783
2.1931
3.5979
3.6677
2.9840
1.9364
2.1632
2.0028
2.2683
3.0525
3.2060
3.2850
3.9693
2.1381
3.9392
2.9509
3.9190
3.0301
2.2339
3.6791
3.6352
3.0709
2.2709
2.2085
3.8001
3.0454
3.0401
3.7973
3.1815
2.9652
2.2559
3.5587
3.0730
3.8818
3.2113
3.8147
2.0605
3.7889
3.6509
3.5844
2.9913
3.1528
3.0578
2.1199
3.5604
2.0220
3.6306
3.5687
3.7052
2.2622
1.8413
3.2065
3.1135
3.1198
3.0885
1.9536
2.2228
3.6655
2.2298
3.8092
3.8561
3.5502
2.0806
3.0387
3.8383
2.0438
3.8925
3.5238
3.7326
3.5302
3.0219
4.0047
3.9848
3.7978
3.5089
3.5144
3.7734
3.0265
3.0376
3.3075
3.2377
3.2828
3.0941
2.1563
3.0115
3.1278
3.5582
2.1141
2.1104
1.8374
3.9070
2.2351
3.7259
3.8450
3.2879
3.1049
3.1467
3.5508
3.2017
1.9534
3.6808
3.5478
3.9904
3.5176
3.0371
2.9983
2.1193
2.2115
3.0979
3.7180
3.9228
2.2550
3.8220
3.7417
3.7071
2.2641
2.2059
3.5082
3.4719
4.2048
3.7738
3.6798
2.1923
3.0632
3.1506
2.2637
3.2378
1.8487
3.5853
2.1055
3.8244
2.9979
3.9101
3.2031
3.5128
4.0365
3.9896
3.8645
3.1353
3.6486
2.0677
3.4944
2.1671
2.0170
3.0119
2.1983
3.2040
3.1918
1.8964
2.2526
2.0297
3.4735
2.2887
4.0003
3.0171
3.0349
3.0485
1.8994
4.1853
2.0128
2.1690
3.4737
4.0047
3.8326
3.8173
3.9203
2.1093
3.1348
3.5884
3.1209
3.1516
3.9850
2.3004
5.0
3.1446
2.0800
3.0401
3.8806
3.2114
2.9987
3.8241
3.0004
3.6070
3.0609
4.2915
2.2982
3.9536
1.8901
3.6303
2.0096
2.2194
3.3066
3.5562
3.5825
3.1266
3.5979
2.2947
3.3099
3.6625
3.5536
3.0445
1.9786
3.6045
3.0901
3.2060
2.9510
3.5625
3.1995
3.2734
3.0136
3.8496
3.0115
3.8992
2.9493
3.7574
3.0847
3.8764
3.5557
2.1251
3.0707
2.0563
3.5209
3.0524
3.5396
3.7862
3.8197
3.3078
2.2191
2.9433
2.2623
3.7784
3.0182
3.4955
3.7711
3.7888
2.1326
3.5903
1.9610
3.4925
3.8024
3.2113
3.9249
3.0349
3.2525
2.2084
3.9203
3.8445
2.3122
2.1269
2.9722
3.6152
3.6193
3.0062
4.1877
2.2587
3.4704
3.1542
3.9918
2.2246
3.1206
3.5079
3.2828
3.7270
3.9062
3.0416
3.0269
1.8225
3.7734
2.9269
3.6787
3.8187
3.6402
2.9856
3.5399
1.9553
2.2740
1.9344
3.1157
2.9810
2.2544
2.2874
3.0482
3.0508
3.2532
3.1639
2.9630
2.0722
3.0654
3.8656
3.5179
3.5604
3.2162
3.0392
2.9754
1.9900
3.5432
2.3009
2.2569
2.0416
3.5223
3.2820
2.0342
3.1141
2.0009
2.9475
3.1657
3.7512
1.8445
3.8614
2.2974
3.7953
2.0063
3.1000
3.1787
1.9429
3.4787
3.0753
3.6641
3.1386
3.3129
2.2504
3.1766
3.2766
3.7997
3.5447
1.7726
2.2479
3.2526
3.7355
2.2509
1.8630
2.1515
3.8063
3.2029
3.8246
2.0842
2.9909
3.1554
3.7078
3.5080
3.5116
3.6747
3.9366
3.0878
3.8318
2.2627
3.2948
2.2040
4.1811
3.1427
3.5376
2.2360
1.7726
2.9297
3.0574
3.9279
2.2764
3.8337
2.2262
3.2941
2.2931
2.1326
3.6696
3.2174
3.7086
1.9697
3.1383
3.4757
3.7253
2.9501
3.1985
3.8086
3.4866
4.1647
3.0912
3.7350
3.8581
2.9124
3.1867
4.0568
2.1581
3.1480
3.5957
3.7327
2.0740
3.1229
2.2254
3.9815
3.0522
3.0107
2.9664
3.8119
2.1218
2.1266
3.1918
2.2048
3.9212
2.9929
3.2656
3.6482
2.2339
2.2013
2.2568
1.9472
2.9971
3.4857
3.3121
3.0522
3.2337
1.9849
3.1421
3.7637
3.8516
3.6219
2.9611
2.3010
3.0390
2.0344
2.9858
4.0516
3.5672
2.9863
3.0574
3.1409
3.8063
2.9316
3.1423
3.7998
2.1276
2.1841
3.7475
3.3055
3.1244
3.1339
3.4638
2.1647
2.0772
3.2251
3.5466
2.1426
2.2652
3.6790
3.7442
2.1807
2.9990
3.5967
2.9215
3.0238
4.1749
3.0575
3.0555
3.7680
2.1749
2.1350
3.2223
1.8306
3.9558
3.0125
3.4936
3.4988
3.1964
2.0736
1.9835
2.2628
3.6012
3.4720
3.2732
3.6124
2.1445
3.8321
3.2082
3.1143
4.0654
2.2025
2.1183
3.8029
3.4912
3.7938
2.1511
2.1379
2.3033
2.0431
2.2191
3.8301
1.7726
3.1790
3.8749
2.9675
2.2293
3.2337
2.1567
3.9070
3.7863
2.2175
4.0043
3.0518
2.9114
1.7726
2.1595
3.4972
3.5979
2.1560
2.1079
1.9315
3.1269
3.0321
2.9531
3.6887
2.0892
2.9188
2.9338
3.6967
1.9956
4.1394
3.5169
3.2339
3.7784
3.5758
2.9269
3.4725
3.1684
3.2703
2.2446
2.1904
3.7865
3.4988
2.0498
2.1246
3.4848
3.1262
3.4948
2.9536
2.1633
1.9397
2.1199
2.1014
1.8930
3.2362
2.1458
2.9841
2.2115
3.2421
3.9999
3.5006
3.0488
3.0637
2.1593
3.2908
3.8197
3.6456
2.0875
3.1453
