2.2742
2.2041
2.0927
2.0910
2.0212
1.9770
1.9836
2.0030
1.9082
1.8115
1.9166
1.8521
1.7726
1.8378
1.9503
1.9817
1.7726
1.8899
1.8120
2.0745
1.8797
1.9437
2.0396
1.9226
1.8886
1.9080
1.8927
2.0643
1.8207
1.7967
1.7726
1.9136
1.7726
1.8393
1.7961
2.1580
1.8298
1.8416
1.9437
1.8141
1.8068
1.8557
1.8453
1.9637
1.9988
2.1326
1.8042
1.8157
1.8979
2.0478
1.9898
1.8283
1.8201
1.8231
1.8999
1.7726
1.8060
1.8821
1.8280
2.0008
1.8078
1.8023
1.9287
1.8358
1.8599
1.8152
1.9330
1.8928
1.7726
1.9005
1.9726
1.9542
1.7726
1.8592
1.7726
1.9066
1.7726
1.8673
1.7726
1.7726
1.8110
1.9284
1.9133
1.8563
1.8117
2.0008
1.8072
1.9899
1.8159
1.9786
1.9340
1.7726
1.8745
1.8050
1.8370
1.7726
1.8739
1.8072
1.8254
1.7726
2.1169
1.9503
2.0392
1.8327
2.9570
3.0856
2.0009
1.9585
2.1738
1.9649
1.8951
1.8327
2.1299
2.1502
2.1239
2.0014
1.9717
2.1735
1.8824
1.8571
1.7726
2.0014
1.8836
1.8904
2.0651
1.8059
2.1144
1.7726
1.8672
1.9510
1.8170
1.9154
1.7726
1.9360
1.9126
2.0045
1.9401
2.1326
1.8174
1.7726
1.9180
2.1074
2.0983
1.9181
1.8214
1.8280
1.7726
1.8119
1.8685
1.7726
1.9131
1.9026
1.7726
1.8301
1.8332
1.8114
1.8682
1.9410
1.8807
1.8457
1.8224
1.8524
1.8838
1.9085
1.8152
1.8042
1.9740
1.7726
1.8151
1.7987
1.9798
1.8038
1.8290
1.8165
1.8928
1.8137
1.8049
1.7726
1.8733
1.8323
1.8563
1.9515
1.8202
1.8269
1.8071
1.7726
1.8242
1.8637
1.8568
1.8341
1.7726
1.8125
1.8111
1.7726
1.8165
1.7726
1.8579
1.9529
1.9199
1.7726
1.8211
2.0019
1.9508
2.2053
1.9771
2.0475
1.7726
2.0135
1.9605
2.0024
1.9650
1.8272
1.7726
1.8810
1.9283
1.8595
1.8966
1.9375
1.7726
1.8121
1.7726
1.9476
1.8222
1.8188
1.9248
1.9349
1.8356
1.8618
1.8290
2.0254
1.9024
1.8326
1.9652
1.9853
1.8253
1.8232
1.8854
1.7726
1.8669
1.8857
1.8749
1.8470
1.8244
1.7726
1.8184
1.8743
1.8317
1.7726
1.8216
1.7985
1.8489
1.8514
1.7726
1.7995
1.8218
1.9238
1.8721
1.8957
1.8166
1.8998
1.8268
1.8164
1.9654
1.9670
1.8858
1.7726
1.8835
1.9326
1.8170
1.9679
1.8413
1.8367
1.7726
1.8354
1.8095
1.9571
1.8858
1.9063
1.7726
1.8522
1.7726
1.7963
1.8070
1.7726
1.9449
1.8396
1.7726
1.9470
1.8034
1.8094
1.7726
1.9283
1.8042
1.7726
1.8133
1.8346
1.8199
1.8523
1.8841
1.8319
2.2609
1.9665
1.7726
2.1433
1.9468
1.9585
2.1087
1.8198
1.8452
1.8255
1.9670
1.9118
2.0506
2.2243
1.8807
1.9888
1.9064
1.8866
2.0035
2.1044
2.0578
1.8162
1.8212
1.8232
2.0889
1.8611
1.9313
1.8417
1.8807
2.0324
1.9874
1.8235
1.9199
1.8213
1.8120
1.8145
1.8488
2.0560
1.8648
1.8841
1.7726
1.7726
1.8695
1.8155
1.8397
1.9162
1.8466
1.9309
1.8551
1.7726
1.8132
1.8100
1.8095
1.7726
1.8533
1.9591
1.8064
1.7726
1.7726
1.8710
1.8253
1.7726
1.8176
1.8690
1.7726
1.7726
1.8117
1.8135
1.7726
1.8080
1.8319
1.9044
1.9818
2.0184
1.8094
1.7726
1.8096
1.7726
1.9404
1.7726
2.1385
1.7726
1.8063
1.8185
1.7726
1.8433
1.7726
1.8952
1.7726
1.8448
1.8703
1.7726
1.8775
1.8087
1.9168
1.8334
1.7726
1.7726
1.7929
1.7726
3.1449
2.2590
3.1955
1.8209
2.1168
2.2504
1.9033
1.9480
1.9350
1.8765
2.0327
1.9043
1.8837
2.0827
1.9453
1.9041
2.0336
1.9394
2.0118
1.8250
2.0027
2.1010
2.0484
1.8583
1.9311
2.1773
2.0314
1.8833
1.8509
2.1145
1.8813
1.9158
2.0246
1.7726
2.1030
1.9439
1.8702
1.8155
1.8304
1.9620
1.8846
2.0037
2.2971
1.8419
1.8545
1.8816
1.9468
1.8740
1.9274
1.8772
1.9198
1.8516
1.8680
1.8216
1.9062
1.8734
1.9221
1.7726
1.7726
1.8680
1.9085
1.7726
1.7726
1.8095
2.0260
1.9277
1.7726
1.9741
2.1329
1.8244
1.8218
1.8885
1.9835
1.8116
1.8210
1.8112
1.9868
1.8466
1.7726
1.8569
1.9314
2.0049
1.8178
1.8212
1.8870
1.8157
1.9030
1.8317
1.8105
1.8119
2.0930
1.8357
1.8649
1.9325
1.8567
1.8310
1.9602
1.8215
1.8527
1.7726
2.2176
2.9437
2.1459
2.1446
1.8159
1.8264
2.1670
1.8068
2.1977
1.9939
2.0348
1.9965
1.9589
2.0110
2.1955
1.8105
1.9218
1.9116
2.0328
1.9643
1.9478
1.8565
2.0052
2.3096
1.9338
2.0071
1.9368
2.0375
1.9050
1.8939
1.8865
1.9432
1.8347
1.8361
1.7726
1.9043
1.9357
1.9454
1.8249
1.8056
1.8080
1.7726
1.8526
1.7726
1.9742
1.9766
1.8042
1.8113
1.8315
1.7726
1.9172
1.7726
1.9844
1.7726
1.8910
1.9282
1.8882
1.8846
1.9612
1.7726
1.8115
1.8721
1.8023
1.8085
1.8406
1.8287
1.8826
1.8221
1.8181
1.8931
1.8703
2.0464
1.7726
1.8082
1.8147
1.7726
1.9178
2.1967
1.8010
1.7726
1.7726
1.9063
1.7726
1.8051
1.8891
1.8235
1.9394
1.7726
1.8074
1.8258
1.7726
1.8191
1.7726
1.7726
1.7726
1.8361
1.8670
1.9153
1.9008
1.7726
2.0837
2.0067
1.9301
1.8522
1.8268
1.8987
1.9814
2.0409
1.8095
1.9016
1.8626
1.8059
1.9804
1.9339
1.8935
1.9507
2.0100
1.8207
2.0703
1.9160
2.1096
1.7726
2.2056
1.9678
2.1343
1.9344
1.7726
2.1010
1.8121
1.8206
1.8482
2.0803
1.8153
1.7726
1.9616
1.8925
1.8050
1.9050
1.9716
1.9608
1.9044
1.8954
2.0064
1.7726
1.9362
1.9411
1.9995
1.7726
1.8278
1.8245
1.8697
1.8154
2.0068
1.9334
1.7726
2.1117
1.8467
1.8443
1.7726
1.9482
1.8090
1.9668
1.8725
1.7726
1.9903
1.7726
1.8215
1.7726
1.7726
1.9620
1.8262
1.9689
1.8205
1.8091
1.7726
1.8052
1.9692
1.9321
1.9641
1.8163
2.0406
1.9304
1.8533
2.0727
1.7726
1.9980
1.7726
1.8441
1.8176
1.8305
1.8238
1.7726
1.8130
1.9281
1.8695
1.7726
1.8202
1.7726
1.8152
1.8618
2.0152
2.1368
2.0405
2.0939
2.1803
1.8774
1.9911
2.2707
1.9108
2.0733
1.8859
1.8149
1.8294
1.9077
2.0623
1.9146
2.1541
1.9969
1.9566
1.8937
1.8883
1.8097
1.8590
1.8187
2.0350
1.9748
1.8444
1.9602
1.7726
1.8278
1.9277
1.8211
1.8938
1.8302
1.8939
1.9388
2.0816
1.8813
1.7726
1.9038
1.8264
1.8542
1.8505
1.9515
1.9440
2.0103
1.9101
2.0046
1.8423
1.7726
1.9253
1.8517
1.8658
1.8201
1.8194
1.8278
2.0146
1.8523
1.8073
1.8122
1.8237
1.9331
1.8770
1.8120
1.8628
1.8926
1.7726
1.9876
1.7726
1.8932
1.7726
1.9569
1.8237
1.8644
1.8632
1.8961
1.8153
1.7726
1.8991
1.8049
1.7726
1.7726
2.1066
1.8833
1.8576
1.7726
1.8222
1.8122
1.8058
2.0237
1.7963
1.7726
1.7726
1.8603
1.8792
1.8686
1.8091
1.8077
1.8845
1.8141
2.9077
2.1145
1.9516
2.0331
2.2680
1.8073
2.0965
2.0175
1.8995
1.9812
1.9685
1.8773
1.9508
1.8137
1.8199
2.0857
2.0353
1.9031
1.8589
2.0525
1.7726
1.9431
1.9026
2.1000
1.8700
2.0161
1.8403
1.9105
1.9185
2.0289
1.8796
1.8356
1.8239
1.7726
1.8499
1.8364
1.9207
1.9443
2.0040
1.7726
1.8266
1.9958
1.9142
1.7726
1.8756
1.9298
1.8337
1.9408
1.9168
1.8963
1.8684
1.8155
1.8464
1.8330
1.7726
1.9556
1.8533
1.9434
1.8015
1.8744
1.8781
1.9853
1.9452
1.7726
1.8751
1.8777
1.8959
1.9420
1.8747
1.7726
1.9470
1.8849
1.8509
1.7726
1.9354
1.8661
1.8219
1.8566
1.8138
1.8228
1.8205
1.8351
1.8259
1.9432
1.8005
1.7726
1.9931
1.9436
1.7726
1.9631
1.9989
1.8273
1.8030
1.8000
1.8692
1.7726
1.7726
1.7726
1.8063
1.7875
2.2412
2.2398
1.9958
2.0442
1.8487
2.0602
1.8174
1.9033
2.0476
1.8830
1.9747
2.0404
1.8587
1.8078
1.9251
1.9686
1.8145
1.8821
2.0414
1.8310
1.9266
1.8178
1.8082
1.8398
1.9599
1.7726
1.7726
1.8483
2.0681
1.9390
1.9421
2.2594
1.8183
2.0495
1.8017
1.8786
1.7726
2.0830
1.9669
1.7726
1.8705
1.8466
1.8122
1.9733
1.8593
1.7726
1.8358
1.9782
1.8281
1.9801
1.8209
1.8732
1.8802
1.7726
1.9335
1.8455
2.0302
1.7726
1.8922
1.7726
1.9005
1.8040
1.7943
1.9454
1.8281
1.8181
1.8259
1.9123
1.8711
1.8043
1.8467
1.7726
1.8169
1.8173
1.8158
1.7726
1.7726
1.9232
1.7726
1.8535
1.9387
1.8355
2.0092
1.8479
1.8532
1.7971
1.8168
1.8145
1.9133
1.8977
1.8732
1.8327
1.7726
1.8819
1.8050
1.8345
1.8047
1.8304
1.9338
1.7726
3.4895
2.9411
1.9696
1.9785
2.1547
2.0092
1.8533
1.8254
1.8181
2.0216
2.0126
1.8842
1.8597
1.9721
1.7726
2.1288
1.7726
1.8449
1.7946
1.8376
2.2149
1.9589
1.8159
2.1755
1.8490
1.8493
1.7967
1.8261
1.9400
1.8783
1.8515
2.0106
2.1420
1.8783
1.8128
2.0407
1.8789
1.8574
1.7726
1.8163
1.8246
1.7726
1.9414
1.8835
1.9640
1.9554
1.7952
1.8222
1.8526
1.9525
1.7726
1.8403
1.8172
1.8553
1.8119
1.9254
1.7726
2.1098
1.9768
1.8929
2.0427
2.0612
1.8036
1.8213
1.8233
1.8048
1.7726
1.9800
1.8324
1.7726
1.7726
1.8042
1.8984
1.8078
1.8072
1.8498
1.9679
1.8097
2.0280
1.8216
1.8321
1.8131
1.8509
1.8073
1.7726
1.8185
1.7726
1.7726
1.9130
1.8351
1.8265
1.7726
1.8051
1.8140
1.8116
1.7726
1.8296
1.8057
1.8532
1.7726
2.0295
2.0101
1.9087
2.0879
2.0581
1.9868
1.7726
2.1704
1.9705
1.8875
1.9077
1.8777
1.8917
1.9413
1.8545
3.0891
2.0250
1.9644
1.9900
1.8796
1.9156
1.7959
1.8453
1.9266
1.9572
2.0773
2.2470
1.8743
1.8721
1.8460
2.0024
1.8334
1.9003
1.7726
2.0970
2.1360
1.9236
1.9917
1.9891
1.8207
1.8427
1.8485
1.8279
1.8516
1.9782
1.8763
2.0187
1.8631
1.9086
1.8485
1.8458
1.8142
2.1118
1.8863
1.9952
1.8233
1.8818
1.8605
1.8369
1.8720
2.1405
1.8130
1.8213
1.8852
2.0203
1.8724
1.8230
1.9061
1.8176
1.7726
1.8912
1.8162
1.7726
1.9013
1.9394
1.7726
1.8484
1.8362
1.8095
1.9283
1.8473
1.8628
1.8109
1.8069
1.8864
1.8976
1.8086
1.9150
1.8696
1.9719
1.8199
1.9672
1.8033
1.8668
1.7726
1.7955
1.7726
1.7940
1.8528
1.7982
3.1162
2.9122
2.1995
1.8096
1.8809
2.0896
2.0039
1.8126
1.9971
2.1647
1.9874
1.8990
1.8230
1.8580
1.9391
1.9875
2.0021
1.8304
1.8183
1.9016
1.8438
1.9196
1.9766
2.0742
2.0392
1.9768
1.8060
1.7726
1.8883
1.9295
1.9047
1.8753
1.9311
1.9608
1.8291
1.8784
1.8215
1.8238
1.8611
1.7726
1.9073
1.8290
1.8992
1.9496
1.7943
1.9253
1.8825
2.0729
2.0526
1.8057
1.8840
1.8176
1.9259
1.8745
1.9228
1.8114
2.0061
1.7726
1.8390
1.8736
2.1202
1.8022
1.8068
1.8501
1.7726
1.7726
1.9200
1.8306
1.8907
1.7726
1.8832
1.8072
1.7726
1.9021
1.8230
1.8504
1.8605
1.8219
1.8474
1.8133
1.8592
1.8381
1.8040
1.8367
1.8701
1.8088
1.7726
1.7726
2.0178
1.8229
1.8225
1.8216
1.7726
1.9418
1.7937
1.8589
2.0310
1.8470
1.7726
1.7726
1.9101
2.0369
1.9105
2.9253
1.8648
2.0570
2.2093
2.0701
1.9089
1.8420
1.9408
2.0887
1.8125
1.9615
1.8304
1.8667
1.8121
2.0159
1.8035
2.0095
2.1982
1.8466
1.9141
1.9636
1.7726
2.0694
1.8983
2.0493
1.7726
1.9006
1.8775
1.8103
1.8790
2.0598
1.7726
2.0363
1.7726
2.0142
1.8983
1.9140
1.9030
1.9997
1.8816
1.9277
1.8188
1.8906
2.0411
1.9168
1.8074
1.9276
1.9288
2.0014
1.9335
1.8099
1.8723
1.7726
1.8362
1.9253
1.7726
1.9179
1.9010
1.9011
1.8308
1.8659
1.9495
1.7726
1.8221
1.9185
2.0195
1.8673
1.8087
1.9434
1.8587
1.7726
1.8456
1.8261
2.0423
2.0181
1.7726
1.8392
1.8724
1.8071
1.9779
1.8448
1.8293
1.7726
1.8379
1.8628
1.9535
1.9152
1.8924
1.8248
1.7726
1.8324
1.7726
1.8387
1.9263
1.8064
1.9610
1.8646
2.9867
2.1820
2.9642
2.9454
2.2785
1.9060
2.1023
2.0791
1.8637
2.1088
1.9431
1.9430
1.9566
2.0321
1.8985
2.0250
1.8892
2.0129
1.8941
1.8117
2.0404
1.9281
2.0860
1.8041
1.7726
1.8629
1.8072
2.0967
1.7726
1.9547
2.0773
1.9710
2.0407
1.8130
1.8470
1.8356
1.8233
2.0924
1.8083
1.8643
2.0760
1.8352
2.0863
1.8411
1.9159
1.8640
2.0072
1.8699
1.9584
1.7726
1.8883
1.9087
1.9533
1.8555
1.9182
1.8727
1.8337
1.8514
1.9227
1.7726
1.8915
1.8999
2.0647
1.8086
1.9084
1.9586
1.8181
1.9474
1.8030
1.9221
1.8114
1.7726
1.9089
2.1570
1.7726
1.7726
1.7726
1.8160
1.8969
1.9811
2.0164
1.9897
1.7726
1.9762
1.8135
1.8201
1.9040
1.9098
1.9066
1.7726
1.8439
1.7726
1.7726
1.7726
1.7726
1.8141
1.8491
1.8044
1.7726
1.8053
3.5035
3.0198
1.8857
1.8937
1.8918
2.2657
1.9360
1.8736
1.9370
1.8137
1.9904
1.8607
1.9068
1.9818
1.8148
1.8424
2.0466
1.8940
1.8891
2.1061
1.8104
1.8683
1.8742
1.8072
2.0340
2.0081
1.7726
1.9963
1.8239
2.0213
1.8629
1.8784
1.8085
1.8732
1.8130
1.8144
1.9979
1.8041
1.9173
1.9671
1.8605
1.8412
1.7726
1.9306
1.8567
1.8153
1.9105
1.8200
1.9244
1.8294
1.9291
1.9576
1.7726
1.9363
1.8695
1.8449
1.9820
1.9401
1.9126
1.8708
1.9262
1.8849
1.8369
1.9768
1.8067
2.0346
1.8941
1.9731
1.8617
1.7726
1.8883
1.7726
1.8184
1.8080
1.8165
2.0366
1.9231
1.7726
1.8532
1.9274
1.8644
1.7955
1.8213
1.7726
1.8343
1.8046
1.9115
1.7726
1.7726
1.8054
1.9350
1.8601
1.9402
1.7726
1.9111
1.9031
1.8147
1.7726
1.7726
1.7726
2.1528
2.0442
2.0527
2.9427
2.0045
2.0768
1.9984
1.8209
1.9942
2.1100
1.8827
1.8695
2.0478
1.8790
1.9138
1.8192
1.9814
1.8128
1.8330
1.9666
2.1040
2.0311
2.0313
2.0621
1.9461
1.9993
1.8696
2.2631
1.8171
1.8452
1.9099
1.9821
1.9479
1.8112
1.8825
1.9799
1.7726
1.8438
1.8601
1.9772
1.8074
1.8423
1.8565
1.8686
1.8209
1.8233
1.9099
1.8210
1.9368
1.9039
1.9330
1.7726
1.9096
1.8554
1.8707
1.8211
1.8056
1.8058
1.8572
1.8028
1.8189
2.0802
1.9732
2.0364
1.8536
1.8779
1.7726
2.0470
1.8377
1.8102
1.7726
1.7726
1.8732
1.8447
1.9431
1.8143
1.9044
1.8167
1.7726
1.8371
1.9873
2.3103
1.7726
1.8585
1.8463
1.8398
1.7726
1.7970
1.8571
2.0931
1.8608
1.8179
1.9187
1.8093
1.7726
1.7726
1.8195
2.0013
1.8338
1.8101
3.8298
1.9333
3.0191
2.2200
1.9894
2.1716
1.8673
2.0914
2.2164
2.0019
1.9705
2.1239
1.9131
1.9157
2.0027
2.2848
1.9066
1.7726
2.9130
1.9227
1.9848
1.8870
1.8379
1.9472
2.0816
2.1040
1.8730
1.8987
2.0555
1.9571
1.7726
2.0232
2.0334
2.1861
2.0041
2.0563
1.8165
1.8944
1.8897
1.8651
1.8350
1.9910
2.0315
1.8574
1.8476
1.8262
1.8003
1.9446
1.8436
1.8570
1.9376
1.9310
1.8125
2.0314
1.8011
1.9468
1.8044
1.8105
1.8961
1.9089
1.8164
2.1848
2.0093
1.8064
1.9022
1.7726
1.9720
1.9907
1.9011
1.8501
2.0274
1.8039
1.9414
1.8102
1.8261
2.1413
1.7726
1.9921
1.9998
1.8334
1.7726
1.9227
1.8434
1.8433
1.8202
2.0901
1.8366
1.8882
1.7726
1.8150
1.7726
2.0032
1.9792
1.8194
1.8437
1.8413
1.8060
1.8822
1.8190
1.8022
2.3046
2.1447
1.9657
1.9251
2.2372
2.0285
1.9108
2.2559
1.8216
2.0200
1.7726
1.9965
1.8812
1.8997
2.0255
1.8719
1.9745
1.9535
2.0207
1.8763
2.2058
1.8787
1.8219
1.8713
1.8211
2.1832
2.0315
1.8728
1.8257
1.8434
2.0028
1.7726
1.8345
1.8706
1.8914
1.7726
1.9653
1.8090
1.8812
1.8290
1.8842
1.8573
1.8041
1.8090
1.8238
1.8355
1.8523
1.8796
2.1672
1.9316
1.8555
1.8252
1.8715
1.8066
2.0986
1.8204
1.9216
1.8317
1.8651
1.8017
1.7726
1.9261
1.9073
1.8133
1.9488
1.8003
1.8317
1.8192
1.9261
1.7726
1.8918
1.8172
1.8633
1.8365
1.8707
1.8141
1.8551
1.7726
1.8057
1.8313
1.7726
1.8169
1.9055
1.8669
1.9589
1.8566
1.8092
1.8214
1.8345
1.8719
1.8139
1.8725
1.7726
1.9577
1.8131
1.8483
1.7726
1.9778
1.8138
1.8714
2.1283
2.0252
1.8868
1.9490
2.2569
1.8690
1.8536
2.0233
1.9699
2.0199
1.9373
1.9710
1.8708
1.9999
1.9537
2.0229
1.9249
1.8188
1.8443
1.8165
1.8226
1.8754
1.8885
1.7726
1.7726
1.8063
1.8382
1.8615
1.8129
1.8453
1.7726
1.9472
1.8728
1.8248
1.9247
1.7726
1.7968
1.8575
1.7726
1.9812
1.8124
1.9676
1.8815
1.7929
1.7726
1.9982
1.8824
1.9748
1.8703
1.9591
1.8571
1.8064
1.9136
1.9842
1.7726
1.8103
1.9146
1.9073
2.0432
1.7726
1.9075
1.8160
1.8956
1.8443
1.8294
1.7726
1.8130
1.8118
1.8244
1.8111
1.8116
1.9321
1.9250
1.9393
1.8865
1.7726
1.8183
1.8781
1.8278
1.9225
1.8404
1.9022
1.8811
1.7726
1.9400
1.9001
1.8951
1.8701
1.8095
1.9014
1.8901
2.0290
1.7726
1.9199
1.7726
1.9448
1.9311
1.7726
1.7726
1.8390
