3.3104
2.2462
3.8193
2.0495
1.7726
2.1887
2.1692
2.9872
3.6267
3.7043
2.1653
1.7726
3.1487
2.0256
1.9975
3.2662
3.4681
2.9754
3.0345
3.7758
3.0774
2.2962
3.6811
1.9831
2.1211
3.5116
2.0331
3.6608
3.4721
3.1276
3.6353
2.9947
1.8848
3.9963
4.0738
2.2779
3.0970
3.3086
3.4879
3.2149
4.1354
1.9492
3.7499
3.9799
2.9668
2.0660
4.0909
2.1015
2.2319
3.7479
3.0620
2.2981
3.6018
2.0666
3.2103
3.2829
3.5527
3.6744
1.9848
3.8672
1.8541
3.0597
3.4666
2.2290
3.6767
3.8504
3.1696
2.9619
3.0988
2.1565
1.9605
3.9154
1.9570
3.1049
3.2906
2.2563
4.0143
3.8410
2.2690
4.0909
3.6039
3.4913
2.2310
3.1029
3.2702
3.0243
2.9959
3.0778
3.9486
2.0699
3.4642
2.1330
3.2818
2.2236
2.1880
2.0852
1.9956
4.1777
2.1449
3.4854
2.2821
3.0139
2.1147
4.4195
3.2702
3.0823
2.0095
1.9628
3.1203
3.6234
2.9542
3.3113
2.0357
2.0510
3.2066
1.9488
2.0362
2.2510
2.0147
3.0344
3.6077
3.8406
1.9207
2.3096
1.9524
3.1364
3.0354
3.8499
3.4713
3.4830
1.9468
1.7726
3.5006
2.2792
2.9588
3.8821
3.8156
1.8709
3.6644
2.2498
2.0411
3.1939
3.0178
1.7726
2.2185
3.0665
3.1254
2.3095
2.3013
3.8373
3.9843
3.5258
3.6295
1.7726
2.1546
3.4873
2.0981
1.9919
4.0556
3.8705
3.6500
2.2486
2.9421
3.6343
2.0340
3.1538
2.1177
3.0650
2.2131
3.1992
3.9142
3.4885
3.6937
2.2111
1.9975
3.1659
3.6150
3.1490
1.7726
2.1938
2.2740
2.3006
3.5051
3.2103
3.5781
2.1824
3.8057
2.0785
3.5017
3.0009
3.2110
3.5249
3.7272
2.2932
2.0821
3.7791
1.8403
3.5443
3.7127
3.6127
1.8695
4.0282
2.1585
2.2694
2.9450
3.6032
3.8055
3.2337
3.0505
3.0093
1.9975
2.1411
3.2366
2.9487
1.9771
2.9312
3.6343
3.2730
2.9647
2.1653
2.0223
4.3537
3.0491
3.6041
4.0081
3.2679
2.0586
2.1015
1.7726
1.9179
3.0196
3.2174
3.8156
2.9753
3.1475
2.0068
3.2525
3.1740
3.2871
3.6012
3.0085
2.1467
3.2119
1.7726
1.7726
3.0131
2.1455
2.3013
3.2269
3.1941
3.1492
3.0981
3.7393
3.7585
3.1076
2.2055
2.1523
3.6819
2.2613
3.8733
3.9427
1.9553
4.0096
3.0508
2.0839
3.0078
3.3082
1.7726
2.2935
3.0555
3.2099
3.4869
2.1887
1.8848
3.4949
2.0264
3.8785
1.7726
2.1999
3.2219
4.4143
3.2339
3.6150
3.0168
3.8499
2.2690
3.5725
1.7726
4.0120
2.0299
4.1684
3.6339
3.2208
2.9600
2.0730
3.5685
2.2424
1.8419
3.2515
2.9063
3.2174
3.5604
1.8413
2.3019
3.1505
3.0996
3.0062
3.2178
2.1530
3.0400
1.8673
1.8738
2.9934
2.9902
2.1892
2.2715
3.7362
3.0779
2.9751
3.1505
3.6739
3.2045
3.9000
4.0618
4.0328
4.1057
1.7726
2.9296
3.0711
3.1814
3.3089
3.0842
2.1520
1.8947
3.5392
3.1100
2.0940
2.9617
1.8348
2.2876
3.1647
3.6718
2.3052
3.4949
3.6460
3.6415
3.8978
2.9682
3.3082
3.0880
4.0091
3.8138
2.2398
3.7707
3.0537
1.7726
3.8063
2.3122
3.1043
2.1745
3.2482
3.4806
3.2229
3.5544
2.1511
2.9384
3.2874
3.0199
1.7726
3.1026
3.6320
3.0249
3.6638
1.9675
2.0305
2.9497
2.1672
3.0128
2.9948
3.2702
2.9712
1.7726
3.2366
3.0904
1.9585
3.0001
2.0061
3.6343
3.6339
3.0264
2.0797
3.3089
1.9803
3.5378
3.1360
3.2662
2.0596
1.8656
2.9931
3.6320
3.0628
3.6804
2.1889
2.0240
3.5204
1.9975
1.7726
2.1585
3.6808
2.1624
1.8881
3.5885
2.1697
3.0904
2.0168
3.0817
2.1931
2.9150
3.2290
3.0493
3.5029
3.6076
3.0535
1.9740
2.9923
2.1767
3.1951
2.1511
2.1737
3.4632
1.9364
2.0981
1.8972
3.2702
2.9986
3.8326
3.9042
2.1894
2.9194
3.0100
1.8514
2.9320
3.0431
3.5781
2.2848
1.8548
3.2829
1.8312
4.0328
3.5263
3.2584
3.2103
3.3029
1.7726
3.5669
2.1906
3.1777
2.9497
3.2206
3.5513
2.9811
3.7154
3.7451
3.6372
3.7200
3.7604
3.8626
2.0628
4.0524
3.9386
2.0827
3.1283
2.0331
2.2346
2.1015
4.0481
3.3014
3.1916
3.3061
3.7804
1.9803
3.8088
1.9357
3.4798
2.9348
3.0416
3.6614
2.3125
3.2059
3.9486
3.9427
1.9925
1.7726
1.7726
2.9990
3.1108
4.0109
3.2655
3.2333
2.2919
3.5359
2.2400
2.2319
1.7726
1.9557
3.7537
2.1630
3.2126
4.3624
1.9680
2.9679
3.5418
3.1897
3.2678
2.0377
1.7726
1.8988
3.0658
3.0352
3.8872
2.2465
2.2452
3.2290
3.8387
1.7726
1.7726
2.2105
1.9871
1.8950
2.9135
1.7726
3.2973
1.7726
3.4949
1.9605
4.1128
2.2855
3.0581
3.2313
1.8348
3.5940
3.0540
3.1324
2.2498
3.5682
3.8925
2.1393
2.0785
2.9772
3.6382
2.1214
2.2673
2.1765
2.0168
3.2945
3.2863
3.0649
3.7717
3.2788
3.9486
3.5048
3.0275
3.7070
3.2563
1.9671
1.8413
3.4966
3.4942
2.1637
3.2945
3.7809
2.2613
1.9820
3.0675
1.9520
3.9685
3.6339
3.8073
1.8344
4.0143
2.0299
2.1940
1.7726
2.0256
2.2400
3.7804
3.0274
1.7726
2.1704
1.9685
2.1085
2.1511
2.0357
2.2411
3.0610
3.2054
2.0240
3.8317
1.7726
3.0466
3.1600
3.8086
3.4783
2.2766
3.6048
2.9144
3.2060
3.0611
3.2738
3.5439
2.2535
3.1757
3.2045
2.2236
2.0495
3.8256
3.0817
2.2764
3.0627
4.1424
2.0059
1.9670
3.7335
3.2074
2.1894
2.2834
3.1131
2.9661
2.0693
3.9487
2.2279
3.6794
2.2988
3.0244
1.9888
3.7157
2.1682
2.9262
1.7726
2.0280
2.0636
1.9468
2.0974
3.2939
2.1483
1.9865
2.9487
1.9508
1.7726
2.1198
3.8708
3.4640
1.7726
2.1246
1.8922
3.5603
3.0981
2.2807
3.7307
3.1485
2.2807
3.1645
1.9131
3.2823
3.8499
2.9194
2.2700
3.6724
3.1918
2.9209
2.0704
3.6754
3.1170
3.1856
1.8756
1.8435
2.9739
1.8971
3.5781
3.5204
3.8089
2.1211
2.0061
1.9520
2.9882
2.2881
3.0622
2.2193
3.2702
2.1935
3.5508
2.1458
1.9240
3.0691
2.0027
3.7811
1.9500
3.9587
3.6034
3.0466
3.8298
3.7041
3.2239
3.6339
3.0138
3.0940
2.0925
3.2998
1.9877
2.2415
2.9990
1.9003
2.9597
3.1567
1.7726
2.0082
3.6667
2.0649
3.1729
3.6441
3.7619
3.5671
2.2726
2.1110
2.2726
1.7726
4.1213
3.5604
1.9714
3.8580
2.9461
2.9381
2.0331
2.1388
3.1116
3.4813
3.7955
3.6953
3.2555
2.1726
1.9729
2.1702
2.9597
3.4909
3.6070
3.1308
3.4949
2.1935
3.7355
3.1603
3.7332
3.5676
3.1389
2.9248
3.3024
3.6555
1.9557
2.2348
3.2742
3.6791
4.1711
3.2912
2.9612
2.2949
2.9971
3.7749
3.5187
3.0880
3.5604
3.8692
3.1853
3.1561
3.6355
1.9545
2.1898
3.5348
3.9918
3.6832
3.8499
3.8359
1.9661
2.0768
3.2829
3.1830
2.9519
3.8464
3.9056
3.1679
2.2793
2.1967
3.0490
3.1505
2.0438
3.2397
3.9374
1.9545
2.2659
4.0866
2.9514
2.9789
3.5132
2.0125
2.1484
1.9865
1.9605
2.1422
2.1399
1.9776
3.0131
2.0438
3.0649
1.7726
2.9887
4.1647
3.2351
3.1908
3.5001
3.2495
2.1831
3.5625
3.1545
3.8867
3.0623
3.0179
1.7726
2.3087
3.2117
3.5642
2.1180
2.9829
2.0812
2.0829
2.2785
3.4678
3.6943
2.2181
3.7217
2.2069
1.9520
3.8797
3.0852
2.0331
2.1172
3.2925
2.0400
2.0107
3.7620
3.5705
2.1629
2.1467
3.5359
2.2151
3.1951
3.0493
3.9834
2.9188
2.9188
3.2149
2.2230
2.2015
2.9770
3.5132
2.1056
3.7698
3.3075
3.7838
2.9786
3.6992
2.1458
1.7726
3.2742
3.0617
1.7726
5.0
3.7463
1.9402
3.8393
3.0684
2.9380
3.9733
2.2793
3.0981
3.4739
1.7726
1.9370
3.1221
3.6449
2.9248
2.2498
2.0495
3.5758
3.8864
1.9496
3.2103
3.1664
2.9805
3.7490
3.4820
3.0818
2.0660
3.0581
1.8500
3.5378
3.7070
2.2805
3.5781
4.0610
3.6152
3.0360
1.9820
2.9541
2.3096
3.6132
2.0264
3.2742
3.5185
2.9437
1.8337
2.2509
2.2973
2.0123
3.5508
1.9583
1.9327
3.5682
1.9003
3.8499
1.7726
3.5060
3.4873
3.2318
2.1001
3.2817
3.8156
3.8925
3.6352
2.0486
3.4693
2.0889
1.9854
2.0741
2.0368
3.0018
3.1417
3.8410
1.7726
3.1600
2.2644
2.2862
2.9543
2.9162
3.7627
3.5885
3.5359
2.0495
1.8291
3.5434
1.9854
1.7726
3.1072
3.8499
2.1015
3.6917
1.7726
3.5872
3.2819
3.4717
2.0947
3.6899
3.2292
1.9854
3.1184
2.9144
4.0524
2.2498
3.7393
2.9965
2.0041
1.7726
3.0996
3.1892
3.7034
3.2465
3.4883
2.0925
3.5249
3.0778
3.8925
3.9486
1.9871
2.1539
3.2290
2.0041
3.2584
3.6339
1.7726
2.2100
4.1526
3.8807
2.2687
3.2702
3.2045
2.9815
2.9186
4.1496
2.0215
3.7689
3.0825
3.7626
3.6014
3.0873
3.0892
2.9893
2.9193
3.0189
3.8697
3.0078
3.9020
2.9188
3.5781
2.9977
2.2172
3.1939
1.7726
3.5873
3.9342
2.1185
1.7726
2.1483
3.7219
3.4693
3.3011
2.2324
3.4811
2.2498
1.9822
2.0474
2.2987
3.0431
3.0702
3.4949
2.0001
2.2973
3.0161
2.2301
1.7726
3.0758
3.1903
3.2556
1.7726
3.5204
2.9248
2.0908
3.7977
3.5204
2.9518
3.1561
2.0732
2.2317
2.2398
2.9948
2.9974
1.8478
2.1010
2.9597
3.2975
3.2197
3.3029
2.1330
3.1180
3.2515
1.9836
3.0408
3.8499
3.2870
3.6402
2.2474
3.3062
2.2472
3.7136
2.2572
3.7373
3.0484
2.3019
3.2643
2.1109
3.8303
3.2871
1.9787
3.6150
1.8893
2.9433
3.1914
2.1188
2.2073
3.0087
3.0956
2.1784
3.9951
3.6680
3.8359
2.9277
1.9820
2.0829
3.9427
4.0143
2.2755
2.1363
3.2236
3.7374
1.9956
3.6667
3.0601
4.0231
1.9651
2.2952
2.2185
3.0564
1.9825
2.9067
4.1458
3.7768
3.2377
3.2677
3.0778
3.5568
1.9760
2.9650
3.2269
3.9427
3.0052
1.9883
2.0185
1.8526
1.9906
3.5497
3.6118
3.0889
3.7064
3.6665
3.1186
3.6550
2.9248
3.5485
3.2188
1.9374
1.8399
2.0590
3.1214
1.9668
3.0195
2.2880
3.4650
3.3077
2.1599
1.8384
3.6608
2.0118
3.5781
3.1521
3.8504
2.1113
3.8059
3.1932
3.0778
3.7094
3.6580
1.8934
2.9902
3.7788
3.1541
1.7726
1.9391
3.0610
2.1198
3.2020
1.9185
3.5700
3.0554
3.5845
2.2687
3.1332
1.8332
3.6719
3.0266
3.6289
1.9646
2.0357
3.4998
3.2622
3.5085
3.7393
2.0967
4.0610
3.1727
3.6558
2.1999
3.1895
3.1321
3.5059
3.5898
3.0230
1.7726
2.9862
3.1120
1.9820
1.7726
2.0299
2.2988
3.5024
1.8738
1.7726
3.8428
3.2119
3.1438
3.0389
3.6933
3.6550
3.1001
2.9257
3.1688
3.7785
3.6798
2.2420
3.5233
2.9661
3.2292
3.6482
2.1837
3.5153
3.8128
3.8499
3.7164
2.0082
3.6195
3.9818
2.1636
2.1483
2.0125
2.0575
1.9109
1.9330
3.1655
3.5633
3.2371
2.9527
3.9477
2.9301
3.9020
3.6478
2.2339
2.0578
3.2945
2.2848
2.0103
3.2071
3.8298
3.7788
3.5742
3.5106
5.0
3.0228
3.8925
3.7051
3.4949
2.9966
3.6611
2.1962
3.2625
3.9422
3.4681
2.2919
2.9374
2.9692
3.7439
2.2074
2.9862
2.9888
3.0469
3.5735
2.2992
3.1992
4.1496
3.5362
1.9182
2.1653
1.8833
3.0460
1.7726
3.2853
3.2556
3.1184
4.0231
3.0833
3.6392
3.2412
1.9919
2.0125
1.7726
3.0873
2.3015
3.6392
1.9605
3.1149
3.2287
2.9630
3.7084
1.9557
3.8499
2.0272
2.2528
3.1709
3.6556
2.0318
3.9999
3.7781
2.3096
2.9331
3.2796
2.1924
3.1290
2.9106
1.9854
2.2480
2.2401
2.1314
3.0555
3.6115
3.0735
1.9836
2.2047
3.5872
3.7330
3.0777
3.2119
3.5929
3.1685
3.5407
2.1442
1.9975
2.1379
3.0018
1.7726
3.1790
3.0030
2.2510
3.5169
3.0302
3.8504
3.1801
3.5002
3.0847
3.5098
2.1999
3.7269
3.2829
4.1561
1.9900
3.2854
1.7726
3.5930
2.0034
3.5503
2.9424
2.1015
1.9449
3.9685
2.0848
3.5527
3.0085
3.1918
1.7726
3.4857
3.2508
3.8512
2.0974
2.9265
3.0665
3.8406
3.1419
2.0357
2.2935
3.5536
3.8020
2.2380
4.2206
3.0970
3.1001
3.5348
3.1487
2.1848
3.9702
3.0142
3.1704
3.0632
1.8303
3.6665
3.6150
3.1977
3.1727
4.1354
3.6663
3.8379
2.9391
3.5159
3.2383
3.6009
3.5563
2.0027
3.5568
3.4957
3.5369
3.2290
2.9137
5.0
2.0586
2.1455
2.1188
3.1108
3.2453
3.2697
3.1538
2.3013
3.5378
2.3109
3.0522
2.2509
3.1877
4.1440
2.9959
2.1015
2.0068
2.9134
2.0860
3.0238
3.0180
2.1653
1.7726
1.8353
2.1056
3.6423
1.9975
2.9063
2.2111
2.9837
3.1789
3.8032
1.9755
2.2312
2.2792
3.0940
2.2622
1.8310
3.8158
3.7690
3.2627
3.4619
2.0660
2.3127
3.4798
3.7127
3.1362
2.2140
3.6441
2.0193
3.0623
3.2339
2.9130
3.0070
3.1521
2.1358
1.7726
2.0080
4.0668
3.1914
3.8205
2.2971
3.5221
1.7726
3.1304
1.8350
2.0532
4.1234
2.0565
2.1462
2.1444
3.5060
3.0940
3.1616
2.0147
3.1866
3.4791
3.2119
3.1738
3.4681
2.0660
1.9803
3.8890
1.7726
2.3126
