1.9181
2.1614
3.5531
4.3355
1.8824
2.0392
3.8644
3.6913
1.7726
3.0714
3.2609
3.9320
1.9530
1.9943
3.6387
3.9328
2.9454
2.2946
3.2609
4.0458
1.9226
1.9204
3.5685
4.2373
1.8690
3.5270
3.5471
3.5302
1.9254
2.9303
4.4988
4.2895
2.0643
2.9964
3.0109
3.6156
1.9781
3.2202
3.2609
4.2895
1.8958
3.1399
2.2623
3.7064
1.8673
1.8758
4.5277
3.8599
1.7726
2.9115
4.0094
4.4555
1.8701
2.9841
3.2086
4.4182
2.0272
2.9286
3.5463
3.9328
2.9292
3.5632
3.1465
4.6685
2.0964
2.0909
2.2263
3.7042
1.8875
3.2318
4.0069
2.0842
2.1732
3.7908
2.1493
2.9516
4.1387
1.9212
2.1418
3.8175
2.0357
2.9674
3.5785
2.0121
3.0703
3.1424
2.0686
3.0714
3.7114
2.0051
3.5359
2.2623
1.8720
3.2713
3.6231
1.8670
3.6178
2.2263
1.8586
1.8491
1.9528
2.2312
2.0385
3.0335
1.7726
2.3096
1.9199
2.9211
2.0606
2.2772
1.8211
2.1422
2.2916
3.0176
1.9244
3.0337
2.0075
2.1609
1.8460
3.4853
2.1068
2.0766
1.9929
3.3129
2.0777
2.9560
1.9698
2.9739
1.9988
2.2120
3.0443
2.1668
1.8474
2.1888
2.0467
2.0220
1.7726
2.2288
2.0445
3.6112
1.9498
3.0492
3.0792
1.9118
2.9141
3.0236
1.9297
3.2174
1.8548
2.0579
2.1592
3.1399
2.2834
3.1720
1.8956
3.1830
2.0062
2.9841
1.9812
2.9167
1.9392
3.1143
1.9414
3.5073
1.8226
3.0704
1.8422
2.0375
2.0934
2.0200
1.7726
3.0411
2.0716
2.1678
2.0930
2.2315
2.0929
2.9167
1.8527
3.4871
1.7726
2.1806
1.7726
3.5632
1.9124
2.9578
1.9073
3.5069
2.0959
2.0622
2.0196
3.2819
3.0095
2.9167
2.0255
3.6343
1.9787
3.5632
2.0210
1.9633
2.0576
3.0707
1.9413
3.1536
1.9283
2.9219
2.0032
3.9940
2.1504
3.0901
2.2988
3.0331
1.8205
2.1475
2.0156
3.0160
1.9094
2.0515
2.1379
3.4871
2.0868
3.6110
2.0165
3.0439
1.9368
2.0250
2.0235
3.0372
2.0086
3.6343
1.9734
2.2049
2.9401
3.0707
2.0332
3.0980
1.8697
2.2838
1.9982
3.6112
2.1383
2.0579
2.1371
3.6110
1.7726
1.8890
1.9118
1.9329
2.0884
2.2018
2.0850
1.9286
1.9418
2.0191
1.8119
1.9760
1.7726
1.9396
2.0877
1.9699
2.0131
1.9180
2.1128
1.8334
2.2103
2.0158
1.8404
2.1079
2.0029
1.9767
1.9484
2.0636
1.7726
1.9127
1.8829
1.7726
1.9865
3.1176
2.2030
1.8818
2.0314
1.7726
1.8366
1.9318
2.0405
2.1188
1.9166
1.7726
2.0677
1.9544
2.2818
1.7726
1.9963
2.2720
2.0369
2.0331
2.0646
1.9992
1.7726
2.2731
1.8249
2.0623
1.9831
1.9671
2.0140
1.8476
1.8455
1.8586
1.7726
1.8519
2.1132
1.9184
2.3089
1.8313
1.8488
1.8886
1.9030
2.1554
2.0131
1.9951
2.0585
2.1825
2.0162
1.7726
1.7998
1.9416
1.7726
2.0794
2.2816
1.9548
1.7726
1.8445
1.9714
2.2085
1.8528
1.8899
2.0055
1.7726
3.0092
1.9340
2.0259
2.0736
2.0457
1.8314
1.8127
1.9111
1.9222
1.8678
1.9045
1.7726
1.8818
1.9746
1.7726
1.9466
1.7726
2.0003
1.9605
2.0173
2.1893
1.9595
1.9263
1.9108
1.8500
2.2899
3.5823
1.9725
1.9668
1.8806
1.9897
2.1239
1.8521
1.8669
2.1133
1.8748
2.1085
2.0438
1.7726
1.9162
1.8215
2.9883
1.8667
1.9374
2.2039
1.9344
1.9933
2.0582
2.1684
2.0771
2.1595
3.6917
1.8184
1.9096
1.9346
2.0593
2.1086
1.9279
1.9719
1.9022
1.9284
1.8768
2.0794
2.0224
2.1494
2.0014
1.7726
2.0643
1.7726
2.2751
2.0273
2.0746
1.7726
1.7726
1.7726
1.8954
1.9038
2.0549
2.1154
1.8892
1.8734
1.7726
1.9839
1.8392
2.1254
1.9052
1.8288
2.0101
2.0634
1.9277
1.8662
1.8875
1.9454
1.8555
2.0635
1.7726
1.9972
2.2635
1.9201
1.8730
1.9477
1.8499
2.0314
1.8926
1.9774
3.0887
2.2279
2.0092
2.0055
1.8391
1.9919
2.0517
1.9131
2.0376
1.9256
2.3049
1.9893
1.9294
1.8129
2.0660
1.9370
1.9881
1.7726
1.9080
1.9901
2.1943
1.8571
2.2216
1.8977
1.8317
1.8809
1.8997
1.8734
2.1015
1.8972
1.9682
1.7726
1.8542
1.9498
1.8700
1.9470
1.9431
2.2070
1.8793
2.0653
2.0283
1.9228
1.9563
1.9350
2.1113
1.7726
2.9366
1.9827
2.9821
1.8489
1.9910
2.0113
1.8210
1.9863
2.1813
2.0616
1.9109
2.1974
2.1116
1.8848
2.0188
1.9553
2.0028
2.0581
2.0082
1.9196
1.8276
1.8646
1.9188
3.1241
1.8233
1.9694
2.0429
2.1026
1.7726
1.7995
2.0573
1.9075
1.8909
1.9714
2.2338
1.9981
1.7726
1.9351
1.8067
1.8298
2.1543
2.0124
2.1268
1.9008
2.0855
2.1042
2.0214
2.1003
1.7726
1.9770
1.9392
2.0561
1.8211
1.8406
2.2537
2.0053
2.0780
1.9732
1.8379
1.9269
2.1469
1.8898
1.9528
1.9692
1.7726
2.1104
1.7726
1.8939
2.0349
2.0992
1.7726
2.1770
1.9865
1.7726
1.8973
1.8603
2.2078
1.7726
1.8950
1.8704
1.9480
2.0943
1.7726
1.8878
1.8903
1.8272
1.9318
1.8848
1.9091
1.8791
2.0263
1.8770
1.7726
1.7726
2.0147
2.0091
2.0027
1.9940
1.8624
2.0179
1.8662
1.7726
2.0272
1.7726
2.0802
1.8648
1.9265
2.0357
2.1865
1.9139
1.9133
1.8727
2.0370
1.9946
2.0554
1.9599
1.7726
1.7726
1.7726
2.1491
1.7726
1.8953
1.8317
1.8947
1.8833
1.7726
1.9081
1.9999
1.8793
1.8617
1.8268
1.9275
2.1263
1.8832
3.5372
1.8389
1.9656
1.9997
2.0248
1.8746
1.7726
2.0203
1.9184
2.0112
1.9515
1.8430
1.8586
1.9217
2.0377
1.7726
1.7726
1.8911
1.9983
1.8167
1.9114
1.9099
1.7726
1.9834
2.0484
1.8894
1.9927
1.8137
1.8766
1.7726
1.9865
1.8930
2.1156
2.0132
1.7726
2.1261
1.9694
1.7726
1.7726
1.8502
1.8662
2.0719
1.9951
2.0009
1.8866
2.9572
1.8908
2.0429
2.0288
2.1128
1.9628
1.8327
2.0764
1.9777
1.9879
1.9047
1.8500
1.9704
1.9319
1.9191
1.8609
1.7726
2.0974
2.0985
2.1152
1.9188
2.1005
1.8865
1.8846
1.9877
2.0850
1.7726
2.9678
1.9488
1.7726
2.0004
2.1491
1.9887
1.9539
2.0652
1.8621
1.9286
1.8493
3.0294
1.7726
1.8868
1.9339
2.0341
1.7726
1.8720
1.9750
2.1461
2.0408
2.0483
1.8860
1.8704
1.8256
1.8179
1.8564
1.9759
1.9274
1.7726
1.9781
1.9842
2.2708
1.8330
1.9386
2.1255
2.2299
1.8985
1.9096
1.9913
1.8288
2.0195
3.1820
2.2293
1.7726
1.9739
1.8827
1.9438
1.9422
1.7726
1.8434
1.9478
1.7726
2.0125
2.1787
1.9362
1.8314
2.0642
2.0562
1.7726
1.8191
1.9013
1.8098
1.9104
1.9457
2.1635
1.7726
1.7726
2.0590
2.2231
2.0576
1.9898
2.0513
1.8474
1.9205
2.2338
1.7726
1.8624
2.0351
2.1718
1.9292
2.0022
1.9542
1.9006
1.8790
1.8666
1.9567
1.9516
1.8586
1.9133
1.8214
1.8527
1.8790
1.7726
1.9405
1.7726
1.9397
1.9391
1.9308
1.9259
2.1056
1.8618
1.8809
2.0889
2.0753
2.2256
1.9658
1.9495
1.8603
1.9247
1.8942
1.9011
1.8120
1.8355
2.2148
1.7726
1.8722
1.9259
1.9204
1.9530
1.9968
1.9069
1.9965
1.9221
2.1305
1.9058
1.9472
1.9393
1.8902
1.8129
2.2293
1.8617
1.8733
1.9176
1.8639
1.8546
1.8576
1.9331
1.7726
1.9280
1.7726
2.9689
1.9456
2.0280
2.0075
2.1070
1.8686
1.9003
1.7726
1.8796
1.9422
2.0243
1.9905
1.8686
2.2887
1.8609
1.8284
1.9199
1.8973
2.1718
1.8915
1.9024
2.0596
2.1176
1.8470
1.8880
1.9957
2.0330
1.8882
1.8714
1.8479
1.9568
2.0206
1.9451
1.7726
1.8182
2.1101
1.9790
1.9955
1.7726
1.9790
2.1775
1.9518
2.0069
2.0598
1.9988
1.9351
2.1432
1.8520
1.9552
1.9545
2.0056
2.1980
2.0111
1.9850
2.0073
1.8783
2.0130
2.0172
1.7726
2.1990
1.8886
2.0717
2.9593
2.2198
2.0626
2.0072
2.9626
2.2113
2.1128
2.0780
3.0311
1.9984
2.0375
2.0044
1.9337
2.0918
2.0015
2.9846
2.1969
2.0216
2.2559
2.1665
1.9113
2.0297
1.9498
2.1051
1.9423
1.9238
2.0562
2.1519
2.2846
1.8567
1.9145
1.7726
1.9798
2.0513
1.8117
2.0791
2.0049
1.8342
2.9615
1.9434
1.9570
2.1886
2.2696
2.0882
2.0836
1.8165
2.0427
1.7726
2.0193
1.8272
1.9675
2.0042
1.9944
1.9338
1.7726
1.9628
1.9152
1.9469
1.7726
1.9897
1.8603
1.9272
2.1230
2.0872
3.0245
2.0240
1.8176
1.8865
2.1134
2.0318
2.0192
2.0646
2.0227
2.0737
2.0224
1.9599
2.1423
1.7726
2.1371
1.7726
2.0175
1.9409
1.9516
2.0574
1.8127
1.9542
2.2718
2.0146
1.8338
1.9681
2.0833
1.8507
1.8435
1.7726
1.7726
2.1028
2.1032
2.2692
1.8460
1.8463
2.1489
2.0075
1.8350
1.9904
1.9854
1.8275
2.0185
1.8478
1.8326
2.2279
1.9734
1.7726
2.0819
2.0101
1.7726
1.9146
2.1511
2.0899
2.1258
1.8836
1.9082
2.0139
2.1112
2.0631
2.0051
1.9852
1.9421
1.8413
2.1109
1.9652
1.8612
1.9181
1.8906
1.8556
1.8498
1.8839
1.8578
2.0505
1.8910
1.7726
1.7726
1.9860
2.0239
1.9407
1.7726
1.9101
1.8127
1.7726
3.1647
1.9432
3.1978
2.9479
2.0305
2.1368
1.7726
1.7726
1.9412
1.8712
1.8708
1.9247
1.9271
1.9750
2.0234
1.9885
2.0373
2.0763
1.9791
2.0930
1.8478
2.0903
2.9106
2.0041
2.9514
1.7726
2.0960
1.9228
1.9116
1.8714
1.8839
2.1889
1.8730
1.9957
1.8308
1.7726
1.7726
2.2397
1.8334
1.7726
1.8677
2.0567
1.9472
2.0693
1.9860
2.1851
1.8647
1.8779
1.9037
1.9633
2.0432
3.1144
1.7726
1.9204
2.0132
1.8556
1.9500
2.2995
1.9850
2.2459
1.8618
2.1238
1.9014
1.8442
1.8342
1.8846
2.1310
2.1390
2.1812
2.1665
1.7726
1.7726
1.8263
1.9744
1.8848
1.8430
1.9006
2.9875
2.0793
2.0289
2.1160
2.9167
1.7726
1.9829
1.8467
1.8369
1.9230
1.8690
1.7726
2.0111
1.7726
3.1594
2.2024
1.8671
1.8715
1.9203
1.9750
2.0688
1.7726
2.0370
1.8507
1.9208
1.9916
1.7726
1.9345
1.9736
1.9007
1.9541
1.7726
2.0785
2.0803
1.9875
1.8871
1.8944
2.1211
1.9007
2.0154
2.0687
2.0305
1.7726
1.9321
1.8399
1.9579
1.9052
1.8773
2.2512
2.0687
2.1907
1.8729
2.1141
1.9547
2.2170
2.0235
1.7726
1.7726
2.9691
1.8578
1.8348
2.2149
1.8185
3.0095
2.1282
2.0146
2.1085
1.8441
1.7726
2.1259
1.8760
1.7726
1.8197
1.9574
2.1980
1.8840
1.7726
1.8384
1.8527
1.9696
2.0977
1.7726
2.1050
1.8580
2.0471
1.9180
2.1459
2.1231
1.8338
2.0101
1.8533
1.9057
1.9524
2.0556
1.8612
2.0003
1.8172
1.8809
1.7726
1.9458
1.9381
1.9006
1.7726
2.0309
1.8656
1.9204
1.9284
1.9888
1.8719
2.1348
1.9501
2.1045
1.9400
2.1975
1.8880
1.8069
1.8612
1.8340
1.7726
1.7726
1.8822
1.9559
1.8403
1.8666
2.0112
1.8627
2.2405
1.9421
1.8519
1.7726
3.2817
1.8753
1.7726
1.7726
2.0477
1.9337
1.9276
2.0291
2.0612
1.9820
1.9205
2.9606
2.1361
1.9144
1.7726
1.7726
1.8658
2.0377
1.9292
2.9318
2.0991
3.5094
1.8910
1.7726
1.7726
2.0671
2.1003
1.9588
2.2178
1.9661
1.9890
2.0281
1.9477
1.9969
1.9416
1.9897
2.0302
2.2386
2.0821
2.2346
1.8365
1.8822
2.0811
1.8498
2.1833
1.8591
1.7726
2.0190
1.8878
1.7726
1.9511
1.8500
1.9831
2.0937
1.9463
2.0057
2.1292
2.1835
2.0129
2.0246
1.8791
1.8954
1.9970
2.0737
1.7726
1.9334
1.8837
1.9912
1.8770
1.8832
2.9259
1.9744
1.9477
2.9211
2.1869
1.8974
2.0529
1.8603
3.5008
2.0054
1.9575
1.8766
1.9589
1.9305
1.9657
2.0101
1.8985
1.9818
1.9042
1.8603
1.8618
2.1455
2.0236
1.9140
2.0404
1.8395
1.9454
1.8427
2.0375
2.1975
2.2100
3.0631
1.8640
1.9292
1.7726
1.9280
1.9100
1.9740
1.8595
1.7726
1.9215
2.0408
1.9820
1.9456
2.2853
2.1607
1.9938
1.9114
1.9164
2.1764
1.9628
1.8863
2.1284
1.8439
2.0309
3.2170
1.7726
1.9890
1.8487
3.1545
1.8551
2.0088
2.0486
2.0117
1.9366
1.9459
1.9245
1.8362
1.8719
1.8681
1.7726
1.9567
1.9272
1.7726
1.8704
1.8692
1.8860
1.9807
1.7726
1.9335
2.0660
2.1614
1.7726
1.8500
2.0080
3.1142
1.9697
2.0202
1.7726
1.9864
1.9668
1.8589
1.8163
1.8796
1.9623
2.0325
2.0976
1.8185
1.9699
1.8397
1.9013
1.9803
1.9986
1.7726
2.0034
2.0858
1.8747
1.9225
1.9595
1.9595
1.7726
2.1203
1.7726
1.7726
1.9817
2.0171
1.9854
1.8533
1.7726
1.9656
2.0918
1.8796
1.9895
1.7726
2.0559
1.8753
1.8548
1.8335
1.9423
2.0968
1.9725
2.0027
2.0023
2.2044
1.8085
2.1121
2.0428
1.8818
2.0064
1.8898
2.0373
1.7726
1.8445
1.8554
2.0001
2.0727
2.0995
2.0102
1.9870
2.0748
1.8930
2.1015
1.9381
2.0332
1.9272
1.9415
2.0258
1.7726
2.1662
1.8862
2.0768
2.0366
1.7726
1.9328
1.8493
1.8820
1.9609
2.1997
1.9741
1.9820
1.8890
2.1079
1.9608
1.7726
1.8755
2.9507
1.7726
1.8974
2.9621
1.8213
1.9204
2.2518
1.9409
1.9785
2.0662
2.0385
1.7726
1.9217
2.1406
1.9042
1.9042
1.7726
1.7726
1.8646
2.0517
1.9824
2.0865
1.8110
1.8628
2.9818
1.8445
2.0416
2.0053
1.8875
2.1624
1.8860
1.9889
2.0821
2.0549
1.9375
2.1040
1.8755
2.0679
1.8638
2.0861
1.9615
1.9234
2.0397
1.8158
1.8919
1.7726
2.1743
1.9851
1.9314
2.0054
2.0656
1.9354
1.9981
2.2151
2.0138
1.8394
1.9205
1.8480
3.0359
1.9498
1.8589
2.0112
2.9502
1.9334
1.7726
1.8569
2.0896
1.9342
2.0050
2.1562
1.8452
2.2301
3.0484
1.7726
1.9043
2.1707
1.9596
2.0790
1.8251
2.9392
1.9179
2.9340
1.8819
2.1579
1.7726
2.1276
1.9727
1.8554
1.9476
1.7726
1.7726
2.1835
1.8987
1.8590
2.0185
2.0116
1.7726
2.0402
1.8036
1.9931
2.0872
1.9078
2.0975
1.9035
1.8340
1.8939
1.8506
1.8690
2.0096
1.8557
1.8640
1.7726
1.7726
1.7726
1.9445
1.9435
2.1971
1.9221
2.0627
1.7726
1.8350
2.9751
1.9896
1.9897
2.2458
1.9797
1.9415
2.0172
2.0325
1.8278
1.8392
2.1558
1.9038
2.9453
1.9384
1.9064
1.9227
2.2196
1.9174
2.1030
2.1658
1.9750
1.7726
2.0789
1.9689
2.0650
1.9438
2.3017
1.8670
1.8271
2.1249
2.0821
2.1006
2.0877
1.8078
1.9196
1.8413
1.9805
1.8572
1.8250
1.8230
1.8445
1.7726
2.0534
2.0325
1.8476
1.8783
1.8760
2.0089
1.9719
2.0842
2.0493
1.9397
1.9111
2.0935
1.9851
1.9329
2.0084
1.9463
1.8928
2.1368
1.8762
1.8174
1.7726
2.0558
2.1198
1.9900
2.1846
2.1124
1.9033
2.1852
1.9722
2.0208
2.0391
2.2771
1.9196
2.2252
2.2540
1.9544
1.7726
1.9546
1.8839
1.9735
1.8856
1.9812
1.9767
1.9597
1.9776
1.9283
1.9483
1.9054
1.9305
1.7726
2.0677
2.1629
1.8512
2.1169
1.8240
1.8507
2.2738
1.8765
2.0112
2.1394
1.7726
1.8898
1.9697
1.9089
1.9058
2.1215
2.1454
1.9265
2.2433
1.8349
2.2089
1.9465
1.9065
2.0865
1.9254
1.9589
1.8768
2.1580
2.0508
1.9022
2.0190
2.2971
1.8612
2.0208
2.1661
1.8596
2.0544
3.0195
1.8748
1.9048
2.0715
1.8554
2.1410
2.0800
1.7726
1.9561
1.8953
1.9303
1.8953
1.9757
1.9358
2.0537
2.9800
1.7726
2.0737
2.0280
1.9237
2.1446
2.0138
1.8595
1.8676
1.8802
1.7726
1.9156
1.9074
1.7726
2.0387
1.9303
2.1166
2.0337
1.9010
1.9916
1.8528
1.9003
1.7726
1.8580
2.0562
2.0630
2.0256
2.0331
2.0327
1.8783
1.8615
1.8701
1.9929
2.1203
1.9862
1.8956
1.8400
1.8697
2.0529
2.0361
1.9412
1.8900
1.9633
1.7726
2.0350
1.8061
1.8348
1.9962
1.8315
1.9734
1.8279
1.8809
2.0083
1.8776
1.8800
2.0868
1.7726
1.9375
2.0441
2.0572
2.0989
1.8413
2.1396
2.2105
1.9638
2.0196
1.9350
2.1377
2.2024
1.7726
1.9826
1.8693
1.9151
1.8456
1.9331
2.1445
1.8621
2.2345
1.7726
1.9493
1.8970
2.9198
1.9141
1.9578
2.1046
1.9332
1.7726
1.9632
1.8685
1.8787
1.8292
2.0216
1.7726
1.7726
2.2436
1.9699
1.9887
2.2391
2.0746
1.8973
2.0942
1.9192
2.2834
1.9915
1.7726
1.7726
2.9261
1.7726
2.0569
1.7726
2.1107
1.7726
1.9823
1.9251
1.9882
1.9402
1.8399
3.0572
1.7726
1.9438
2.2085
1.8020
1.9708
1.7726
1.7726
2.1958
1.8898
2.0717
1.9484
1.7726
1.9927
2.0186
2.1059
1.9228
2.0122
1.8947
1.9472
1.7726
1.9780
1.9624
2.1162
1.8574
1.8603
1.9887
1.8384
2.0762
1.9859
2.2427
1.9496
2.1586
3.0823
3.0007
1.8977
2.0234
1.9292
1.8328
1.8041
2.1151
1.8178
1.9512
1.9723
2.0877
2.0026
1.8912
1.8214
2.0039
1.8447
2.0303
2.0130
2.3063
1.9579
1.9102
1.8387
2.1845
2.0390
1.9472
1.9869
1.9039
1.9101
2.2014
1.8369
1.8982
1.9063
1.8973
1.9079
1.8770
2.2262
2.0220
1.9449
2.0041
1.9499
2.0608
1.8678
2.0706
2.0014
1.8293
1.9020
1.8110
1.9817
2.1290
2.0436
1.8787
1.8890
1.7726
1.9738
2.0396
1.8541
2.0341
1.9492
2.1541
2.0029
1.9941
3.0570
1.8609
1.8612
2.1201
2.0785
1.9152
2.2015
1.9278
2.3065
1.9022
1.7726
2.1259
1.8666
1.8854
1.9661
2.2588
1.8894
2.1104
2.2140
1.8389
1.8328
1.8512
1.9193
2.0948
1.7726
