4.8946
2.2435
3.1906
3.2359
0.0
2.5923
1.9706
1.7255
3.1919
3.3143
1.2339
3.6504
5.0
0.5664
3.6001
2.9911
2.8166
3.3078
2.9259
4.8131
3.2359
2.6878
3.9099
1.7959
2.3614
4.1604
0.4954
3.7480
3.6325
2.3907
3.3763
3.1604
3.7980
4.5140
4.6031
3.9523
2.6681
3.1368
3.7960
4.1577
3.9755
2.6577
3.1853
3.2379
3.8900
2.4949
2.2669
3.1627
3.7678
3.2444
1.3731
2.7865
2.0717
3.1124
3.4339
3.3754
3.9030
1.0097
0.4810
4.3163
0.6903
2.8327
4.0390
4.5546
4.4504
3.6627
3.0183
2.9105
2.4836
3.8339
1.2433
3.8457
3.3135
2.0768
4.4340
1.9495
3.3744
4.0450
2.4679
3.7788
3.7620
2.0825
3.0719
3.6948
2.8682
3.2556
3.9890
1.9817
3.4453
1.1269
4.5608
3.5219
4.5922
3.5729
3.6411
2.1226
1.2455
3.7015
2.5656
2.3220
1.8463
0.4486
3.8204
3.7763
2.7884
1.2168
4.5108
3.7856
4.6816
2.9593
2.5278
3.8159
3.5612
2.8467
3.7995
3.0944
3.0517
4.4229
2.9938
4.0102
4.4951
2.5734
2.0719
3.2557
0.1327
3.7106
4.1014
3.2857
2.3676
3.6535
1.0811
1.2653
3.9289
1.5102
5.0
4.0352
3.6460
1.5236
3.3248
2.1700
0.4924
3.4039
2.7525
0.0
4.1749
1.7871
3.2483
3.6392
2.8055
4.2665
4.2903
3.5779
4.6830
1.0658
1.8547
3.4456
1.5415
3.1584
4.2833
4.0250
4.1619
0.4344
4.3041
2.8267
0.0
3.2423
3.7341
4.3733
4.0582
3.5939
3.5617
3.8395
3.7824
2.8757
3.1413
1.6265
3.6329
3.3571
0.0
3.3825
3.1866
1.5779
3.1574
4.1327
3.1252
0.6033
3.7973
5.0
3.4797
3.0897
2.5971
2.9760
4.5807
2.8122
3.7266
4.5108
1.1899
2.9885
2.8764
2.6611
0.0
4.1318
3.9423
3.7692
3.5951
2.6893
3.7807
2.5954
4.1030
2.5690
2.2776
4.5480
3.8835
4.0168
2.5828
2.6328
3.3288
2.4717
2.6730
0.6653
2.3805
4.4168
4.3252
3.2228
3.6352
3.1244
0.7596
1.7730
3.9666
1.1032
4.2529
3.2067
3.3761
3.1024
3.9164
3.2526
4.1143
3.6401
3.5625
2.2731
3.5851
2.8889
4.2126
1.2166
4.6787
3.8777
4.9664
3.9602
4.1831
3.2044
3.1579
3.9060
1.2064
4.1995
2.1758
2.7612
3.3085
4.2594
3.9262
4.6693
4.2832
4.0950
3.5872
2.8390
1.0253
3.4677
4.4606
1.2206
5.0
2.2478
4.9984
4.5942
1.4420
5.0
3.9855
3.1138
2.9542
1.5002
3.9441
4.3378
3.7386
3.3794
3.1985
4.9138
2.8590
3.3108
3.8569
0.0
2.7350
3.1179
3.2829
3.1729
3.2193
2.2946
3.8061
4.1329
3.8900
4.1065
4.8722
3.2767
4.0729
3.4505
1.7969
4.6327
3.1119
3.2135
3.1145
2.8283
2.6168
4.3418
2.3116
0.9971
3.2782
2.9392
2.7721
3.9520
4.3230
4.8338
2.8399
3.3726
3.8152
3.4673
4.2103
3.2120
4.6037
3.1727
4.6542
3.1178
1.8430
3.4582
3.8880
2.1926
4.3640
1.2538
4.0858
2.9187
2.6100
3.3323
0.0
3.1889
3.4974
2.5250
3.5667
3.8719
4.2850
3.2414
3.5701
2.3837
2.7803
3.7813
2.9672
4.6522
2.5917
3.4151
3.7214
0.8293
3.3549
2.8137
2.7891
0.0
3.9861
3.5342
1.6782
3.5288
0.0
3.0100
3.3709
1.7281
1.2182
0.5964
2.6096
2.3992
2.7327
2.0300
4.4508
2.4082
2.3157
4.1137
4.1001
2.8244
3.2150
0.0
2.6744
3.9524
2.8520
2.8522
1.1341
3.6509
3.1416
3.0474
3.6914
3.3478
1.5475
3.8020
4.9165
0.4600
2.2408
0.0847
1.5632
4.3358
3.3852
3.3396
1.4011
4.2306
3.9451
2.8560
2.7252
2.5571
2.9706
3.6691
2.8232
4.1444
5.0
2.2254
4.0720
4.1628
5.0
3.2127
3.1249
2.4859
3.9262
3.9062
3.5677
1.1658
1.5317
0.7048
3.9794
2.5074
3.0677
2.9318
0.0
5.0
2.5139
2.7370
1.6752
3.8799
2.7583
4.2154
3.2215
5.0
0.6638
2.2555
1.7443
3.2230
3.6617
1.8695
3.3898
0.0
3.5463
3.3762
4.5583
2.9594
3.1946
2.9010
3.5613
3.4057
0.2298
3.5865
3.9520
2.7471
3.0843
4.3888
3.5247
3.1291
2.9461
3.6888
3.8137
2.9498
3.1162
4.0563
3.4791
3.5500
4.6008
3.6175
3.1923
4.6369
1.4198
3.8543
4.4159
3.2883
0.4533
2.2088
1.3907
3.1804
1.2192
4.9070
3.6623
2.0012
3.4658
3.2645
4.3663
5.0
0.3549
4.0177
4.9723
2.2801
4.0913
3.6650
4.0448
4.9304
3.2718
4.1199
2.0447
2.7100
2.6836
3.3375
1.0689
3.3144
3.8041
0.0
1.8543
3.5288
2.9443
3.0847
0.6842
4.3317
0.6873
1.9699
4.5924
4.5444
2.1974
3.6140
3.2598
4.2880
2.0037
0.0086
0.0
2.2854
2.1797
1.6529
0.2382
3.5216
4.5569
2.9027
3.7295
3.8302
3.0041
3.1706
0.4549
3.7232
3.2315
4.1607
2.6386
1.2871
2.8406
3.7026
4.5437
1.9160
2.8327
2.5398
2.9874
3.6068
2.0813
5.0
3.7825
4.3397
2.9504
3.3559
3.8045
3.6126
3.0593
2.4338
2.2446
2.3346
2.2818
1.2753
2.1047
3.5929
1.1874
2.1536
4.5616
1.9189
1.6557
1.9335
3.9599
3.7401
3.1207
3.7414
2.6371
3.4409
1.4314
4.8836
0.9788
2.4355
3.4411
4.2344
3.9898
1.3549
2.8059
1.1824
0.0
3.4164
2.6466
2.5007
1.8277
3.1875
3.1641
3.1186
0.0
1.2791
3.6196
2.5635
2.4910
2.5245
2.3751
2.7328
3.9169
0.8099
2.7607
4.4544
2.7978
1.7126
2.9941
3.8979
3.3585
4.0105
4.4641
3.4941
2.0835
3.8673
3.5469
0.7193
4.1251
4.2478
0.9742
1.7773
2.4732
2.7922
2.2086
3.3071
2.8083
3.7683
4.2591
1.5155
3.0654
3.0754
3.3262
4.5080
0.8849
3.2685
1.9999
3.4243
2.6646
3.7084
0.9634
4.4963
0.1766
0.7939
1.2227
2.0412
3.2348
3.8441
2.5200
2.4192
3.5025
3.9161
1.5339
2.8814
4.3061
3.7562
3.3764
4.7803
0.0
2.6175
3.2616
3.4937
1.6747
4.0516
3.2182
2.1164
3.4735
4.0702
2.1246
3.0208
4.9346
0.0
2.2259
3.3075
3.5401
2.7133
3.8988
4.7102
2.1651
0.6445
4.0662
3.8758
3.2024
2.4275
2.8250
4.8677
2.8723
4.0380
0.1162
2.2323
1.1605
2.7546
0.0
4.2826
2.8965
1.4631
4.2734
3.4356
1.9228
3.7678
4.6450
3.8148
3.3353
4.6059
4.2183
5.0
3.9944
1.3159
3.3162
2.8819
0.0
5.0
3.2542
3.1074
4.2102
2.4427
3.1412
3.0927
2.2525
4.1820
3.1092
0.0918
4.1760
3.2986
0.6456
3.0420
2.4479
4.3863
2.8267
2.0307
1.9332
3.2989
3.8908
4.0402
2.9839
1.9011
0.9606
3.6315
2.6675
2.0987
2.9615
2.8776
3.6855
2.4817
3.2306
3.9568
4.0314
3.3449
3.3988
4.7056
2.4133
4.3097
3.9783
3.1248
2.4605
3.8371
4.0394
3.9034
2.6486
1.6399
1.4621
3.4674
2.9950
4.9589
4.7042
3.6992
2.9644
3.2569
5.0
1.0991
1.5789
4.0628
3.7869
3.6115
3.3563
4.1730
4.2533
2.1266
3.6542
3.1213
4.9961
2.9423
3.5426
2.7313
1.2065
2.5766
1.3753
3.2117
1.6153
4.4903
3.1029
2.1545
2.9622
3.4914
2.9136
3.3626
3.7598
3.7552
3.1329
2.9016
2.4390
1.5234
3.1604
1.9557
2.0807
1.5966
4.2964
0.0
3.4745
3.8320
1.5788
4.2740
4.3065
2.5879
3.6793
3.3450
2.8376
3.4709
0.8656
5.0
1.8677
3.4223
3.7508
3.7872
1.5422
5.0
3.1664
1.4276
1.3133
2.7561
3.3489
4.5641
3.4140
2.9513
3.1581
2.9840
2.0966
2.8627
3.7396
2.2990
3.5934
3.3055
3.6805
3.4938
0.3560
3.2099
3.8952
4.1103
3.1909
4.4214
3.6020
2.7524
3.2402
3.3649
2.7776
1.1717
4.6191
3.2618
2.9149
3.2113
4.1237
3.7475
3.0616
3.3492
3.8312
0.9655
3.1503
3.9876
3.2022
3.3357
3.0179
3.5705
4.2483
3.5946
2.8749
3.4872
2.8499
4.3797
3.0228
0.6634
1.0913
1.9801
3.6625
0.9444
4.7357
4.0468
3.1805
3.9951
1.3155
3.7987
2.7966
3.5444
3.3566
4.6284
2.3617
3.6611
2.6511
1.0365
3.0383
3.0796
1.4424
3.1802
3.6966
5.0
1.2258
0.0
2.8022
5.0
3.3720
2.2585
3.0842
3.5975
3.3924
0.0
3.7901
2.9391
0.2749
3.4141
0.7047
1.8767
3.7530
0.0
3.3722
3.3718
3.6892
3.8499
3.2594
4.2237
3.4487
3.3512
3.3546
3.7440
0.0
2.3623
2.7557
2.5987
1.1878
2.6800
4.7227
2.8569
4.4141
0.0
4.0037
2.2185
1.8169
1.4032
3.2920
2.2156
4.1410
3.4751
4.0636
0.3785
1.7864
3.6255
0.0
2.6088
3.3573
2.0334
1.8777
0.0
3.2274
3.3495
3.8589
1.5274
3.8410
3.5322
0.0
2.2934
3.2721
3.8466
1.8147
3.4244
3.8468
3.4303
3.3225
3.2332
2.3108
4.1814
4.4833
4.4923
1.5778
2.9599
4.6289
2.9404
3.4543
5.0
1.9719
2.9695
2.0320
1.6116
2.8048
1.4495
4.3237
3.8138
3.4094
1.7465
3.5263
1.9710
3.4514
4.0439
3.7471
3.9804
2.7041
2.7629
3.6940
3.5840
1.9393
1.0290
1.8968
3.1247
2.9257
3.6492
3.5297
4.1594
1.2481
3.1730
1.0950
3.5348
3.9651
0.1112
4.5153
4.5845
2.0555
0.1915
3.2133
4.0394
4.4059
4.6032
2.6273
2.9242
2.1427
0.6769
2.3850
3.7797
3.8374
1.9979
3.1852
2.2211
2.0056
3.1297
3.7151
1.7334
3.5153
3.0902
2.8225
0.0
2.7166
3.7738
1.9566
3.4642
3.8611
4.0828
1.6187
2.3568
1.9970
3.8681
3.2340
1.2079
2.9138
3.3196
1.6044
2.2632
0.0
3.8347
0.2465
0.9555
3.3075
3.2617
3.2452
3.3025
3.6667
3.8008
2.5246
3.5892
0.0
3.0376
3.5555
3.0576
2.1926
2.8152
4.1388
3.9328
3.8460
3.5792
2.7613
3.4823
3.2079
3.5679
2.5659
1.7162
3.3711
1.7581
3.7025
3.5693
4.5099
4.4120
3.6555
3.0231
3.2131
2.2252
3.2076
4.0605
1.5654
1.5630
3.0673
3.5193
1.5013
3.1707
4.3330
3.6362
0.0
2.5021
2.0593
2.5384
3.6237
3.8813
4.0340
3.0031
2.9791
4.2144
1.3604
3.8842
2.3556
3.1096
3.0285
3.1127
3.4161
2.3290
3.2554
2.5771
3.8886
2.9282
3.0032
2.6917
2.7642
3.8462
3.0402
4.6079
3.2651
3.7324
2.8498
2.7260
2.7487
4.2346
3.7500
2.4975
3.1579
3.2790
3.5813
4.0631
3.7521
2.9818
2.3881
3.8761
2.7261
1.3597
3.7901
3.0515
2.8506
2.7344
3.2396
4.1085
2.8510
3.2672
2.5945
2.8269
5.0
1.3299
0.9494
2.8594
2.7283
3.0461
2.9237
2.9039
1.9126
3.3122
4.6561
3.5780
0.7558
2.7329
0.8193
3.1277
3.1806
3.2923
3.1580
3.1524
4.4210
1.2117
4.4385
3.5209
3.1494
1.9686
3.6454
2.0982
2.2444
4.7355
2.9928
4.1432
2.4678
2.0921
3.5978
2.4197
0.2697
1.6221
4.0199
3.1180
3.8950
0.6636
4.1886
5.0
2.2749
3.6518
4.0137
4.4439
2.8139
3.8104
4.3199
2.3049
4.0806
3.9823
4.3448
2.5439
2.0157
3.3959
1.8680
2.3991
2.2271
3.3689
2.7605
0.9438
3.0444
4.0807
1.5030
0.0
3.2145
2.6454
0.3272
1.8526
4.7584
1.4252
3.3270
2.2716
3.2465
2.3887
4.2373
4.2240
2.4697
5.0
3.3812
3.2940
3.0946
3.5089
3.5080
3.4989
3.3514
2.7460
3.2667
3.0636
3.7026
2.5659
3.5134
2.0402
3.0595
4.1593
3.9507
3.4699
3.2425
1.4018
5.0
3.1930
2.8859
5.0
2.8932
4.0552
3.4658
2.3111
3.3939
2.2821
4.5268
5.0
4.2797
2.8851
0.5197
2.0751
3.2800
2.3263
4.6739
3.7958
3.3316
3.9214
3.1069
3.6252
3.1384
2.4919
0.0
2.7667
4.5977
3.2034
1.8847
2.7085
3.7152
3.5876
3.7777
1.4260
2.8734
3.5448
2.8833
4.5622
3.6904
0.3891
3.1926
4.0870
0.7866
3.5817
2.8593
0.5935
1.9440
2.9628
2.6304
3.1247
4.3296
3.2057
3.9771
1.4869
3.6210
0.1530
3.0263
4.5544
4.4876
1.8782
3.9282
2.7127
4.0105
2.6495
0.0839
3.7457
2.1093
0.0294
2.3381
3.7782
3.7403
3.0033
4.3133
2.2029
3.4101
3.1724
2.7451
2.6715
4.2222
1.4681
1.8535
3.2294
4.3743
3.2530
1.0804
4.4887
4.3661
2.6367
3.8667
2.5223
3.1737
1.6341
3.5495
2.3864
3.3707
3.2834
3.3302
0.0
3.4026
3.3268
3.2081
4.3039
4.6524
1.9910
3.9937
3.2608
3.3897
3.1454
3.8664
3.7914
3.7382
3.8778
2.8358
3.0550
3.8885
3.0138
4.7216
3.0656
2.2316
1.7023
3.0076
0.4146
4.0330
3.1901
2.3330
1.9990
4.2274
3.2122
4.3829
3.2578
3.1945
3.6147
1.6939
2.7521
4.2601
3.0607
1.8281
2.9497
3.5694
2.8176
2.9987
3.0601
4.4187
4.5005
3.2476
4.3235
4.0728
3.0417
4.1790
3.5494
3.6213
1.8556
4.0645
3.3786
2.4572
4.0193
3.1814
3.6571
1.2406
2.8294
3.5707
2.1385
2.5574
0.0
1.4802
3.2970
3.5118
2.6352
3.4771
3.7496
3.2753
3.8340
3.2494
1.0844
3.5372
3.5837
4.1287
2.8497
3.6126
3.9843
3.2137
3.1999
4.7640
3.8691
2.5031
5.0
4.2674
2.6202
4.0063
3.8474
3.2442
0.0958
3.3014
2.5075
3.4723
3.4914
3.3742
0.0
1.7583
3.3250
3.7151
1.8964
2.2668
4.6651
4.7073
4.5728
3.4360
3.3056
4.2644
2.3622
4.5770
3.7166
3.1004
3.1171
5.0
1.3141
4.0815
3.1940
3.9547
3.5610
3.2942
1.7269
2.6073
4.1557
3.2189
3.8944
