1.9953
1.2908
3.5652
4.4160
2.3413
2.8847
3.0806
2.4958
5.0
3.0621
2.9977
3.0576
0.0
1.4402
2.8833
3.2793
2.1070
0.7921
3.0153
3.4423
0.0
0.6506
3.7141
3.5646
3.2906
2.5704
2.7187
3.1841
0.0
2.3984
3.6624
3.5178
2.2975
3.0234
2.2039
2.7608
1.4432
2.9438
2.9977
3.4754
3.6194
3.2873
3.2582
4.5793
0.0010
1.3268
4.1169
2.8533
2.5455
3.2318
2.9310
3.4390
2.5403
3.4624
3.0777
2.2309
4.0176
4.9317
2.1976
3.2758
1.4192
2.9244
3.3739
3.3638
1.5603
3.1315
2.3405
3.4849
0.6113
2.1607
3.0896
0.7537
0.9663
3.6139
1.9542
3.8086
3.6186
1.3285
1.0389
3.8745
1.1715
3.0541
2.5822
1.0812
4.1868
3.8298
0.8303
3.2338
4.5085
2.6950
3.7503
3.2622
0.7925
2.0125
4.0418
0.7015
5.0
2.3405
0.2501
5.0
0.0
2.3990
1.5221
2.2867
1.5734
1.5226
2.0106
3.0626
3.0908
2.3470
0.3746
0.5029
3.7993
2.7245
0.0
2.7555
0.1177
1.5118
1.9370
3.0120
2.4864
2.4139
0.4324
3.5912
0.0
2.4361
1.3093
2.1742
1.0786
3.6142
1.7948
2.2051
3.7073
2.4724
0.2855
1.6108
0.0
2.1244
2.2537
2.3642
2.0769
3.9492
1.9418
2.8853
3.1888
3.3712
0.4137
2.6127
2.4396
2.9792
2.9437
3.2873
0.0
3.2081
1.1925
2.4074
0.8659
3.5751
3.2521
3.1844
4.6409
3.4067
2.4663
4.1030
1.7032
3.0089
0.0
1.8754
3.0999
0.5198
0.5211
2.2300
3.3609
3.0646
0.6177
3.7116
3.6023
3.1618
0.8615
2.7858
0.6230
0.0
0.0
2.9005
2.3964
2.3280
0.8601
3.1228
2.1026
3.0421
3.5879
1.7931
3.0335
3.1889
0.0
2.8837
0.7753
3.0613
3.1120
2.8240
2.5258
3.2262
2.7629
2.4247
3.1597
4.5223
3.3266
3.3259
4.3318
2.0353
1.4315
1.8429
0.8873
1.2480
1.0649
3.8380
0.5623
3.5294
3.2940
2.7651
2.8564
3.0412
0.7984
2.9416
2.5419
2.3251
0.0
3.4015
1.6530
2.8345
0.0173
2.1593
2.5846
3.0382
0.0
2.6067
0.0
2.8404
1.1857
2.8197
1.5279
2.9792
1.6759
3.0414
2.1561
3.6381
2.5636
3.2170
3.1453
3.3593
1.0332
0.9943
0.1059
2.8520
1.3385
0.0
3.7854
0.0932
2.0211
1.4042
2.2701
2.2428
5.0
1.4615
3.0010
2.9079
0.4535
3.5309
2.8252
1.2020
0.0396
3.3945
3.7893
0.0
0.0
0.9633
0.0
3.2613
3.3154
1.6467
1.1422
2.0879
0.0
3.2837
0.5414
0.9149
0.8919
3.3694
1.0085
0.0
0.3205
0.0
0.0
2.4478
0.1423
2.7706
1.1504
0.0325
1.6089
3.3784
0.7319
1.5341
3.3108
2.0560
1.4126
1.0526
0.9690
0.6110
0.5492
0.0
0.2266
1.1310
1.5804
1.1147
1.3519
0.0
2.4012
3.7639
2.0755
3.1514
5.0
4.5646
1.9479
2.6902
0.9453
0.0
1.2488
0.0
3.1821
2.3381
0.0
1.3000
0.0
1.6228
1.6685
2.1299
1.5986
1.1553
1.2593
3.0776
2.4818
2.8722
2.8192
0.0
0.0
3.5189
0.5455
1.5674
0.7483
0.0
1.9990
1.5589
0.2070
1.6315
3.9808
2.1384
2.8341
0.0
0.4145
2.5905
0.5769
1.3876
0.0
0.8510
2.6126
3.4466
0.9967
0.0
3.4171
2.4727
0.6230
2.0693
1.1180
1.3953
1.2321
5.0
1.2166
0.5586
1.8506
3.1021
1.5286
2.4461
3.8051
2.1590
0.1356
0.5554
0.0
2.4777
2.4252
5.0
0.0
1.0380
0.0
1.4228
2.4217
2.9222
1.8134
4.2673
1.5670
1.5716
4.8517
1.1466
3.6402
2.3489
0.9664
0.8704
0.3840
4.4155
2.1825
2.0438
0.0
0.0
0.8244
2.5292
2.1644
0.0
2.6712
2.7290
1.5545
1.3962
1.2539
0.0
1.5674
0.0
0.4292
1.1468
1.1565
1.8625
0.3573
4.5952
2.2568
0.5401
1.8074
2.7937
2.0588
1.5173
0.0
1.8887
0.9421
0.0
3.6744
1.2561
2.5035
0.0
0.0
1.8526
4.0845
2.4457
2.7913
1.5070
1.0614
0.0
0.9349
2.0328
0.9498
2.1289
1.4367
1.0831
0.0
2.1442
0.6676
0.9840
2.2347
1.7048
2.1727
0.6502
1.5869
1.9298
0.5202
0.0
2.1921
3.1425
0.7940
3.4811
2.7217
2.2236
0.9592
1.4947
0.7972
1.4769
1.7897
0.5787
0.5457
0.4393
1.9163
0.5677
1.8500
0.0
1.9972
2.6490
2.0772
3.5543
2.1927
0.0
0.0705
0.0
1.2475
3.6474
0.0
0.1331
4.0805
3.7025
0.9541
1.8559
2.9289
0.0
2.8510
3.2037
2.4295
1.7148
0.2997
1.0266
1.9771
0.0864
2.5290
2.8443
0.5957
1.1963
2.2852
1.3076
0.8109
3.1991
1.0178
0.0273
0.8808
0.0
0.0
0.3373
0.1507
2.8394
0.0
2.7590
1.6855
2.9947
4.5356
2.8468
2.1122
0.0
5.0
1.9548
0.1488
3.5333
1.3454
1.8529
1.6561
4.9058
1.7877
1.5123
1.6213
1.6915
1.3654
2.8991
0.0
1.4336
1.0294
2.2886
0.0
4.6453
4.5833
1.6459
2.2339
1.5246
2.7722
0.0
0.0
1.8391
4.0843
0.0
2.1976
2.4383
2.2761
0.0
0.6121
0.0
0.0
1.6549
0.5460
0.0
0.4856
0.0402
0.0
0.6373
1.2988
0.0
2.5542
2.4703
2.2838
2.5851
0.0
3.6386
0.9219
0.0
4.9831
0.5914
0.9013
3.9895
1.1014
0.0
0.3127
0.6519
0.3252
3.0390
1.0260
3.3639
2.6370
1.6373
1.2914
0.0
1.8597
0.9565
1.6555
0.8803
0.0
0.3521
0.2391
1.5533
0.0
1.7972
0.0
2.1147
0.2978
3.5994
2.1284
1.4434
0.7704
3.3114
0.0
2.3435
0.0
0.1302
0.2137
1.0386
0.5564
1.1096
1.0733
0.4168
1.0506
0.2316
2.5335
1.2017
2.5690
1.8953
1.5052
3.5496
0.6452
0.0
1.0702
2.1272
0.6515
1.3117
0.8501
2.2242
0.5935
0.5037
0.7190
0.5803
1.3517
0.1776
2.6393
0.0962
1.7813
0.9305
0.6762
4.1686
1.8902
1.6832
1.4881
1.6894
1.8459
0.0
0.4932
1.6373
2.6737
0.0
1.7802
1.7398
3.2714
1.1189
2.5385
0.0
1.9326
2.3101
0.7240
1.5891
2.6746
2.4101
3.1873
0.0
1.0630
0.7912
2.5205
3.3309
2.3697
2.5331
1.8047
0.6055
4.5694
3.9911
0.0
3.2729
1.4096
3.4363
1.2506
2.0016
3.2227
1.0203
5.0
0.0
3.0321
1.8249
0.4307
4.1703
0.7224
2.4811
1.4883
2.9621
4.5463
0.0
1.5099
0.6097
0.0
1.3905
0.9562
0.0
1.7264
0.0
3.4231
3.6181
0.2130
1.8155
3.9694
1.4960
0.6853
1.3573
3.9796
2.1485
2.0870
3.3559
2.2941
1.9571
0.0
1.0351
3.0344
2.1010
0.9690
1.7234
2.7127
1.1170
3.5986
4.7328
3.0528
0.1086
2.5445
3.1394
0.3360
1.7266
0.0
0.2781
0.1924
0.7778
2.3633
0.0
4.4557
1.1034
2.9821
0.0
1.8594
2.4418
2.9810
3.7113
0.1034
0.0
0.0229
3.8387
1.4379
2.2756
0.8646
2.4287
1.7860
2.6985
0.2606
2.6301
2.2484
0.0
1.6674
0.0
0.0
0.4592
2.2189
0.4610
1.1047
3.0446
1.6300
1.8577
3.1169
2.0471
0.0
2.2601
1.2488
3.6775
2.8365
1.6677
0.5891
0.0
0.0
3.5774
1.1475
0.0
0.0
1.1353
1.5530
0.9035
3.1597
0.2480
1.5594
0.2161
1.0697
1.8210
4.1560
1.7080
2.0117
0.8670
2.2683
0.0
0.9475
2.4028
1.8710
1.0603
0.6887
1.9249
0.0
0.3016
3.0972
3.1808
0.2958
0.6419
3.7124
0.0
4.7925
1.3066
3.9755
0.7331
0.0
0.0150
0.8860
0.2561
1.9081
0.7743
0.8370
4.5989
4.2872
2.8633
2.8381
3.0789
0.8057
2.5939
0.4884
3.0536
0.6519
1.0454
0.0
2.4964
3.6072
0.7435
0.4343
2.3914
0.7294
0.0
2.8973
0.0
2.1293
2.4732
1.8001
0.0
0.1390
1.5431
1.1334
1.4518
1.8408
2.2592
0.9026
1.0657
4.2192
0.0
4.3542
0.3911
0.0
1.6681
1.0212
5.0
2.9378
1.7521
0.0
1.2132
0.2399
3.1316
3.3126
1.1409
3.6180
2.9981
1.0242
0.0
1.6678
1.2705
1.5883
3.5489
0.4750
0.3951
1.4661
1.6586
2.4237
3.1662
1.9541
2.3362
0.8770
2.9904
2.4137
2.6456
1.6902
2.5662
2.7088
2.7972
0.9812
0.9675
2.1153
2.9035
1.1019
0.0
0.0
0.2467
1.2655
1.2656
1.3077
2.4308
2.9240
0.6238
0.1854
2.4345
0.8725
3.4408
1.2183
0.9796
0.6477
1.4210
2.6787
2.8064
1.1844
2.9365
1.9570
1.5669
0.0
1.3049
1.4549
1.9168
1.5050
0.0
2.3957
1.4149
0.3993
3.1551
4.6945
4.9101
2.1547
0.9116
0.4663
0.9376
2.1993
2.6113
1.6334
0.0
2.2165
1.5578
0.7592
0.7011
2.8707
1.5676
2.6654
0.0
1.4850
2.3089
1.8884
1.5634
1.8281
0.0
0.0
3.8084
1.8397
1.8211
0.1926
1.5456
0.7627
0.4929
3.0530
3.0991
3.0352
3.2949
0.9449
1.5876
3.8866
0.6794
0.0
4.7476
1.0460
0.0
2.6893
0.4431
0.2532
0.7681
1.1220
1.4327
0.3296
1.1468
1.3245
0.9630
0.3888
2.2051
1.0839
2.2677
0.3083
2.1530
1.2294
2.7462
5.0
1.0388
1.5096
0.0348
0.0
1.4593
1.8892
1.4911
0.0
0.0
0.0
0.0
1.7993
0.0617
1.0303
0.0
1.0871
0.7577
3.7269
2.0281
0.0
1.2431
0.0
3.2385
3.2643
0.2806
4.4827
3.9504
2.2231
3.5433
4.5352
0.7176
4.0984
1.9584
1.8233
0.4638
1.6401
1.7823
3.6453
2.0322
1.9374
0.4569
1.4883
0.5122
1.5903
2.2043
1.4199
2.6837
1.9145
5.0
2.8230
1.6347
0.4892
0.0
0.0
3.4147
2.4785
3.0663
0.8720
2.1665
0.5892
5.0
0.0
0.0
1.9227
3.4727
0.0
5.0
2.6477
3.6315
0.1170
0.0
2.6752
0.7530
3.9912
3.8736
4.1345
0.9121
2.7729
0.0
0.3731
1.5824
0.7455
0.7073
1.9875
1.5593
1.3612
0.7901
2.4838
0.2762
3.1607
5.0
0.0
4.7344
2.3319
2.0321
2.4453
2.1450
0.0
0.0
1.5832
1.7622
2.4538
2.5207
2.4183
2.3696
1.8998
0.9720
2.8809
2.3103
0.0
1.8609
1.4167
2.9006
0.0
2.7488
0.7037
1.5779
1.8209
1.5807
1.4242
2.9087
0.8952
0.7422
2.1995
1.2194
0.8214
0.6038
0.4576
3.4514
2.9007
5.0
1.4070
2.3684
0.4128
0.6185
0.1776
0.4109
1.2548
3.3872
0.8332
4.4544
0.0
0.8259
0.0
0.7819
1.1219
0.0156
3.6780
3.6817
2.1712
1.6250
0.0
0.6041
0.0
1.8855
0.0
1.5385
0.5452
3.0350
1.6407
0.0
3.3239
2.4083
4.5511
1.9398
4.8119
1.2321
0.0
1.5589
0.0
0.7533
1.2838
1.0427
0.3089
1.7422
2.0856
2.5193
3.0882
0.7670
0.2263
2.8815
0.0734
1.4152
0.6978
0.5626
0.0
0.8959
0.6779
1.7865
1.4686
0.2542
0.8756
1.5063
1.2438
0.0
2.2103
1.3116
3.1444
1.2426
1.8389
0.2380
4.2886
1.8146
1.8011
1.5563
2.5175
1.1429
1.2535
2.0562
1.6956
0.0
0.0980
5.0
2.1309
0.7538
1.2646
0.0
2.8763
0.0940
0.0
2.2930
0.0
0.2306
0.0
2.9479
0.0
1.9859
0.0543
1.6838
0.1660
4.1205
1.8520
1.7827
2.2372
3.6281
3.6246
1.0041
1.4871
2.8648
1.3406
1.3122
1.5749
2.3025
0.9996
1.0524
0.7151
0.0
1.0405
1.2940
2.4292
0.3593
1.1726
0.9725
0.3739
1.0701
0.7778
1.0904
3.8720
2.4455
1.0825
3.6165
2.5489
1.8022
2.1784
1.0389
3.2503
0.2877
3.5405
2.2572
0.4836
2.7485
0.5066
0.0
2.2639
0.4076
0.7948
0.0
3.4519
2.9458
0.5073
3.1009
1.1609
2.6172
2.0205
1.0833
0.4294
1.2085
2.5294
2.8596
3.3471
0.2002
0.2194
4.0505
0.6778
0.6508
0.5570
0.9993
3.4781
0.4587
0.3312
1.9243
3.1858
1.9688
2.0755
5.0
2.1182
3.0759
0.2996
3.3224
0.1476
0.4008
1.0645
0.0
2.3711
1.9763
1.1592
0.0
0.0092
3.2582
2.9533
0.0
2.8853
0.3960
1.9048
1.1201
1.7398
4.7508
0.0
3.1249
3.9107
3.2677
2.4395
0.0625
2.5322
2.4009
2.1034
1.7871
0.0
2.8313
1.9731
0.0
2.7260
0.6388
0.0
1.0079
3.8096
1.9363
1.0631
0.9770
0.0
2.7761
3.1561
0.0
0.5524
3.0031
0.6928
1.7868
2.6457
3.1439
4.4494
0.0
0.9878
3.6693
2.1339
0.0
1.4491
1.8017
0.0
0.3819
0.0
2.6428
2.2545
3.0429
0.3442
0.0
0.0
0.0274
3.3833
2.7130
2.7608
2.6740
0.9052
0.4000
1.5914
1.9719
3.4830
1.1131
1.2891
0.6962
1.0764
1.2073
0.6726
2.7355
0.7781
0.1569
0.0
0.7359
2.2309
2.1088
0.0
0.0
1.8690
0.1087
0.5586
3.0144
4.9050
4.6714
4.6913
0.2288
4.2003
1.1680
4.4259
1.6069
0.5497
1.8662
3.1124
0.2262
0.0
0.0
0.0
4.1794
1.8276
2.2657
2.5574
3.2276
1.8879
0.0
4.3071
0.0
2.5109
2.4362
0.3685
2.3523
0.7127
0.0
4.0316
1.9675
0.9205
1.2288
2.1443
2.5962
0.5784
0.0
1.6485
2.4922
0.8402
1.4582
2.4430
0.1771
2.5554
0.7378
1.5850
0.0
3.3226
0.0
2.9286
4.0239
0.0
3.4681
1.4618
0.0110
1.6052
2.5199
1.8972
0.9874
2.3801
2.5733
0.0
1.5860
1.3459
1.9205
2.6860
1.2204
1.7976
1.8504
1.5826
2.2142
0.9567
0.0
0.1797
1.2487
1.1948
0.0
0.7034
3.7235
1.1231
0.0
0.7427
1.1313
0.0
2.1058
2.0807
0.1029
0.0
2.0134
1.1361
2.5868
4.3220
3.5376
4.5169
1.4948
0.8880
3.7030
0.2634
3.7704
2.0227
0.8689
1.6371
1.0303
2.3918
0.6297
1.1235
0.6818
2.3437
2.3187
1.3317
0.0
2.5769
2.1840
0.8165
0.2684
2.2454
2.7498
1.0320
1.1076
1.1340
0.4131
0.2924
3.4374
0.8046
2.7636
2.3313
1.8718
1.3442
4.2366
0.6029
0.6020
4.5007
1.4331
0.0
1.2213
2.1068
0.8751
1.4961
2.3825
0.1211
3.0037
2.3644
4.7947
0.7525
1.0355
2.1131
2.7391
0.6002
2.9752
1.4427
0.7646
2.3946
0.1576
5.0
0.0
0.2598
1.8641
1.2453
4.9267
1.4523
1.6929
0.0
0.6378
0.7225
0.4471
0.0
0.4824
0.1040
1.2713
2.7677
2.1430
1.4171
3.9808
0.0
0.6056
0.0
2.9648
0.0
0.3534
1.7477
4.1889
0.0
0.7920
1.0448
0.9437
3.2591
3.4266
2.4294
1.4346
0.0
1.1372
0.6101
0.8716
0.2325
2.4227
0.9194
3.7069
0.0
2.5803
2.4175
3.2092
1.1499
2.8550
0.0
2.4920
2.1753
2.2691
2.1663
1.9044
3.8149
1.6432
0.8558
1.0981
1.4855
1.9538
3.1570
4.9171
2.7407
0.6628
1.8397
0.6478
3.3996
0.0
0.0032
1.8541
0.0
2.7203
0.9469
1.1975
0.0
1.1253
0.4349
3.6660
0.3927
0.0
1.6547
1.8064
0.9544
2.8626
3.1036
0.0
1.5008
0.0
5.0
2.0088
2.5221
1.6993
0.1656
1.3032
0.3726
2.6396
2.4444
2.0042
3.7269
2.4486
0.2309
2.4783
3.8235
1.7978
1.5408
1.3694
0.2083
0.0
2.2084
2.7571
3.4523
1.7717
0.6392
0.0
1.1333
0.1507
2.3272
0.0
2.7028
1.1981
1.6547
0.0
1.5198
1.3347
2.5755
3.5376
0.0
2.6377
0.0
0.1495
3.8663
2.0612
0.0
3.6431
1.3465
1.8950
1.9923
1.4513
0.6479
1.4803
3.2095
2.4721
0.7658
0.3335
1.0046
0.8576
2.8184
0.3392
1.3215
2.4070
2.3205
3.5701
0.0
1.8589
0.3023
0.6499
2.1183
3.6786
3.5930
0.0
1.6835
2.9032
2.0657
0.0
3.1289
3.5753
0.0
3.0945
0.9015
0.0
2.0450
0.5847
1.4949
3.0960
0.4938
2.3079
2.9594
1.4193
1.7894
1.6426
1.4181
0.0
0.0
1.3444
3.2336
1.4054
1.9299
0.0
2.3199
1.5615
0.7945
0.6226
0.6120
3.0858
0.2334
1.9578
0.0
0.8522
1.0809
0.0
2.9399
0.0
2.7319
1.8544
2.2194
0.0
1.9040
0.2365
2.5235
2.4877
2.0339
1.3296
2.6485
1.6763
0.6736
3.8017
1.4563
3.3615
2.0543
1.6929
0.0
1.3824
1.1145
3.6281
1.5479
2.6751
4.0454
3.0791
2.1201
2.2009
3.0588
4.1670
0.0
2.3718
2.9548
4.2361
0.0
3.7809
0.9809
2.3361
0.0
0.0
1.9130
3.4297
2.6063
0.6790
3.3041
0.5455
0.0
0.0
2.8320
2.0228
0.6843
1.2069
0.5863
0.0
0.4814
1.8871
1.4197
0.9674
1.9729
1.7746
3.0470
2.6503
0.0
1.8795
0.1424
0.5317
0.8595
1.0840
1.2728
2.4873
0.0
2.4141
0.8772
2.5291
0.0
2.3546
0.0
2.2428
1.7641
4.1348
0.8417
2.7930
0.0
3.0091
1.7836
0.0
3.1735
1.7893
0.5170
3.1610
1.0636
2.1020
1.4992
1.6022
1.5769
4.8043
2.7942
1.6946
1.6175
1.6379
2.2919
1.8540
1.8458
2.1104
3.2723
1.0116
1.5612
2.7603
0.4349
0.0
0.0523
3.3033
0.4405
1.3691
0.5156
0.0
1.8960
1.5629
0.8492
2.6296
0.0
1.9898
0.6020
2.1818
2.7566
0.3401
0.9454
3.4520
4.7045
0.0
3.7922
2.0471
0.2051
0.0
2.4735
2.1317
1.6263
2.2323
2.0489
3.3626
1.5371
2.3805
1.2475
0.5668
2.4221
0.0
3.4863
2.9547
0.4457
0.4560
2.7191
1.5005
0.0
1.8929
1.6148
0.4525
3.3070
0.3222
2.9487
0.0
3.6522
2.2060
0.7321
0.0
3.0901
0.5602
3.0887
1.8842
4.2331
1.6485
0.0276
0.0
2.7509
2.1279
1.1314
1.6873
1.9856
1.8212
0.0
0.6996
0.7575
0.9039
2.6358
1.8209
0.5075
0.2365
4.0404
1.1936
2.0840
3.3346
1.2059
0.0
4.3596
1.9823
2.4776
3.5080
1.1900
1.4858
2.5855
0.5124
0.0
0.2286
2.0408
4.1441
1.6975
0.2881
1.0294
2.0164
1.8704
0.3458
0.7444
2.0560
2.8103
1.7182
