0.6584
5.0
4.1001
1.7461
2.6238
1.9511
4.2525
4.0157
2.4906
3.1821
2.2670
1.7483
3.4154
5.0
1.3433
2.6185
2.6168
4.3114
4.2513
4.1058
3.4037
4.6573
0.3471
4.1978
0.4053
3.0668
1.2635
3.3352
5.0
4.9090
1.5708
2.0367
3.9669
0.2839
4.9534
0.1123
1.5981
2.1938
3.0534
2.6899
3.7101
2.8794
3.1306
3.4876
4.3787
4.8086
4.9739
4.5273
2.7439
2.8270
1.2319
4.3439
0.0
1.1363
2.6423
3.2317
0.5778
2.0474
1.3579
1.1303
1.3468
1.7213
3.1757
0.0
4.0575
4.2159
5.0
4.1627
5.0
3.0502
0.0
3.1076
1.8670
3.6252
3.8536
5.0
4.9017
3.3535
3.7025
2.8798
2.1068
3.8164
3.9177
1.9999
0.0
2.9656
0.4862
4.1816
0.7727
2.3668
2.6227
2.8519
3.6164
0.8852
1.2676
0.0
4.1524
2.4196
3.7378
4.0150
2.2641
2.8641
3.5534
2.2844
0.1809
2.2739
3.9028
0.1162
4.5761
1.8563
3.3665
4.8763
2.6315
2.1837
3.6781
3.5632
2.5969
3.3030
3.4543
3.3877
1.5493
1.8815
3.2651
3.2026
2.8796
3.8365
3.7221
3.1747
0.9030
3.6310
0.0
2.3663
0.3282
2.7837
3.6688
3.9185
1.1798
3.6340
2.4008
1.9525
3.6887
0.9122
0.7544
2.5887
0.6959
3.7208
2.1461
4.1305
0.0
3.8449
4.3586
3.1671
5.0
0.5310
3.1765
3.7584
4.1784
0.1792
3.7304
2.0307
4.1626
3.8061
5.0
0.9219
1.1312
3.7765
2.1311
2.4884
1.9803
5.0
1.8294
2.3924
3.7908
3.0835
0.9832
4.5307
1.1877
0.8989
2.7426
3.6950
4.4276
0.7636
4.8638
1.0309
3.3795
1.8740
2.1704
3.6463
3.6731
3.8097
3.5238
2.2401
2.5239
0.8081
0.4820
3.1121
3.5290
2.8233
2.3710
2.9511
3.8457
2.5362
1.9409
2.1914
3.1757
4.5558
3.4478
0.9532
3.8689
3.3004
0.7672
2.3741
1.6407
3.8983
3.5542
4.1647
2.9954
3.3894
4.2776
3.8320
5.0
3.1144
4.0132
4.7942
0.0
4.9847
0.0
3.8475
2.5559
2.3255
3.3515
3.1036
3.3397
2.8560
1.9603
3.2976
2.4394
4.2913
4.8633
3.4825
2.1596
3.4556
3.7394
3.3743
3.5587
1.6543
3.5945
3.7209
5.0
1.6413
4.1104
2.3316
1.9248
3.2085
2.2982
2.5256
4.9939
1.5173
2.8959
0.0
2.2376
1.7578
4.5492
0.0
4.1942
5.0
5.0
0.5681
3.1726
1.9473
1.8885
0.9487
2.5457
5.0
5.0
2.3048
2.4408
1.7212
5.0
1.6600
3.6932
2.7131
2.4208
1.8530
3.6137
0.0
4.5241
2.3295
3.6438
3.9164
4.8573
2.7969
5.0
3.3106
3.7971
4.9752
1.5779
0.9626
4.9170
0.0
4.2672
5.0
3.3607
0.0
2.9818
2.5890
4.3135
0.0
0.0
3.8249
5.0
2.7828
2.2072
3.7089
1.8740
2.1406
3.5887
3.7806
0.9590
4.8782
5.0
4.6950
3.0257
1.2891
5.0
4.3736
3.1133
2.6505
3.7244
1.1028
3.9879
4.1604
0.3982
3.7706
5.0
0.0
2.2785
5.0
4.5809
5.0
2.8174
1.0422
5.0
0.5139
5.0
4.0382
3.1142
4.1878
0.9797
0.0
4.9388
0.2042
2.7372
4.7418
0.8071
4.7665
2.8779
0.0
2.9476
3.1721
2.4764
5.0
3.4510
4.6698
4.4108
3.4715
3.4140
0.0
1.2268
3.0529
3.6282
4.3224
3.1735
2.8130
0.8065
4.1384
2.3735
3.8971
4.4347
2.6625
0.8648
4.8881
2.6479
4.1377
4.2599
0.0
4.5395
3.4625
3.5781
2.7083
0.0552
4.6679
1.7828
5.0
2.2932
4.0062
1.0644
4.6204
4.5178
3.6245
2.1284
3.3855
3.7375
3.4617
1.2243
1.1647
0.9787
0.7437
5.0
0.0
2.2028
3.2110
4.3228
1.9470
2.0271
4.8418
1.3203
1.2672
4.8006
4.5383
3.7140
3.6054
4.9139
5.0
0.8452
3.4245
3.5989
3.2820
3.7167
0.1177
1.5782
3.4747
3.7628
3.4569
1.6148
3.1510
1.2258
2.0550
2.6861
5.0
1.5306
1.5451
2.6757
1.7340
4.9365
3.5738
0.0
0.5859
2.4935
3.7288
1.7322
2.1439
5.0
3.0043
0.0
1.4239
2.6801
2.6646
1.3066
3.1673
4.5655
2.5469
5.0
3.2361
2.9449
2.4992
0.1039
1.7880
2.8281
0.1255
3.3676
1.8288
0.8671
3.8060
0.0
1.2603
0.0
4.5467
3.3002
2.6764
3.8465
0.9623
3.3058
2.5788
1.8292
3.2729
3.5159
2.0629
4.8914
5.0
2.4871
2.7043
3.7399
3.0643
0.6352
0.6841
2.5521
0.9643
3.5810
0.0
3.7443
2.6937
0.3373
3.0881
3.0019
4.1716
0.0
2.7488
5.0
0.6340
3.0147
4.9493
5.0
4.9541
5.0
2.4307
3.4309
2.3354
0.8596
1.7331
3.0468
0.3435
3.7227
2.2583
2.0950
1.5848
3.9073
2.5614
4.3523
2.8385
0.0958
3.1687
2.4086
2.8012
2.2849
3.6739
4.2360
4.4939
4.6103
3.0896
3.9068
2.1056
4.1617
4.9929
0.0
5.0
4.5500
3.5476
2.9354
0.6388
4.3727
2.6107
1.6881
3.5850
2.9131
5.0
0.6043
4.1245
3.1964
4.8722
1.6938
1.7326
2.3904
3.5477
2.2543
1.7430
2.9885
3.0144
3.1340
5.0
3.2342
2.8830
4.2211
2.5074
4.5252
4.6689
2.5305
2.8283
2.2200
3.8327
2.1958
4.5590
1.1725
2.8737
5.0
0.9069
2.6162
2.1184
0.3694
2.5883
3.0256
3.6397
1.1690
3.4760
2.0940
2.3894
5.0
4.7211
0.0
1.2906
1.1026
3.2724
0.8850
4.2596
2.7964
0.4560
2.8086
1.8589
1.0711
2.1696
4.0862
3.3766
3.5855
2.0455
1.2714
2.4793
0.0
1.3699
3.6455
0.9105
4.0847
3.5414
5.0
2.1388
0.0
2.6461
1.5349
4.8544
2.3647
4.8834
3.5836
4.8305
1.4138
2.6709
1.6271
3.3638
3.4428
0.0026
2.4993
1.8582
4.7565
5.0
3.1614
0.0
3.0698
2.5611
0.0
3.7765
2.6584
0.7228
0.0
3.4753
4.0983
4.2434
3.1457
3.9368
2.9603
3.6434
3.5746
0.8053
3.8625
4.8379
4.0537
3.4232
5.0
0.4879
2.0964
1.1340
5.0
4.0511
4.7075
4.0696
2.5783
0.3937
1.3960
3.2670
4.4536
1.2217
0.7813
4.0506
3.2135
3.1388
3.0412
1.8232
2.9050
0.7974
0.0
5.0
4.2835
2.8437
0.5707
3.7458
1.4228
4.1052
4.1198
3.1345
5.0
2.7794
3.4272
3.3710
2.1525
0.0
0.0
1.5517
3.5232
2.7447
5.0
3.5224
3.8551
2.4808
0.4185
3.5566
2.1489
1.5312
1.1840
0.0
4.2987
0.5914
3.2417
4.2172
5.0
2.3542
4.3603
4.7921
3.1962
3.1088
3.3879
4.1199
4.4042
3.5488
3.4455
3.9470
4.9650
5.0
2.5994
1.2083
3.8472
3.5606
0.0994
1.6940
2.9399
4.3637
3.4589
1.1665
1.3280
2.0070
0.7180
4.0751
2.4294
2.4303
2.3415
0.1864
0.3392
3.2943
0.9436
0.8014
0.0
1.7079
1.8115
5.0
5.0
4.2889
5.0
3.0172
3.9642
3.9284
3.8116
1.5346
1.0722
3.2248
3.1221
5.0
4.5914
2.0282
3.3296
4.5181
1.4121
1.6212
2.2846
2.1257
2.9425
3.3410
2.0890
5.0
4.5777
4.4712
2.6192
2.6929
2.8492
0.0
3.6491
5.0
1.8986
0.3153
1.8831
4.7487
1.7052
3.6325
1.2573
3.4411
2.7834
1.8632
2.0892
2.8987
1.1914
0.0
2.4585
3.1600
3.6791
3.8195
1.6047
1.3018
1.9956
5.0
2.1173
0.9093
0.0
1.7563
1.7693
2.0180
1.5313
0.2417
3.7488
5.0
3.5080
0.0
2.0817
3.5184
2.7769
2.6012
2.9455
4.7016
2.9415
4.8397
3.3863
3.0262
4.3225
3.3704
1.0981
4.4389
2.4663
1.2928
0.7638
1.0188
3.2152
3.9707
1.1681
2.2450
3.3195
2.4441
0.0
4.9143
4.5391
2.9802
0.0
3.0940
2.4086
2.4399
2.6184
2.4196
3.5599
0.0
2.1985
3.5925
1.0207
3.7472
2.9388
4.0999
3.0091
4.9252
3.1954
4.2126
3.5960
1.2720
3.8404
3.1892
1.5526
3.0090
2.6849
0.8404
0.5637
2.7521
0.2452
2.7987
2.7262
4.2806
4.4446
1.3508
3.2773
2.7764
0.1483
2.6894
0.0
4.8490
4.1499
2.8049
3.3995
3.7405
0.0
0.1418
1.0520
4.4545
3.7550
3.9416
3.6128
2.0463
1.9708
3.7658
1.1533
3.5740
5.0
0.7662
3.3437
3.7675
2.7304
5.0
3.8225
4.1356
3.1207
5.0
2.9336
3.2679
3.0042
5.0
1.3409
2.4102
2.8327
1.8992
1.1440
2.8087
4.0861
4.7218
3.1481
3.3816
3.5679
1.0481
2.6136
2.8797
0.1321
0.8259
3.0965
0.0
2.6304
4.4807
2.2772
5.0
3.7172
3.9083
1.4611
3.4505
3.1733
2.0550
2.7089
3.4725
3.7234
2.8825
0.0
1.4018
2.8040
2.9259
4.3992
2.2496
4.6083
3.3534
4.9601
3.0837
1.1486
3.6834
5.0
5.0
5.0
3.4211
0.0
2.9607
3.7857
3.5913
3.7746
2.8660
1.9979
0.4831
3.8304
1.6049
1.1242
4.7091
0.2793
2.3371
4.2342
3.8041
2.6315
2.0755
4.7968
2.4656
0.8738
0.0094
3.7214
4.4475
0.8201
0.0
3.4286
5.0
1.4173
1.6204
0.1692
2.8402
1.0321
3.1930
4.0228
2.0210
2.8536
3.1009
4.8630
4.6370
2.8153
3.4040
2.2926
3.3646
2.4178
4.1691
3.0223
4.1521
4.3293
0.0
4.1936
1.3052
0.8383
1.7683
1.6522
0.5580
5.0
3.1221
2.2435
3.6109
3.4574
0.8690
3.1692
2.7925
1.8726
2.9949
3.9159
5.0
3.5315
3.4968
1.7571
4.5823
0.9005
0.0
4.5735
1.6238
2.5731
2.3740
3.6299
3.1018
0.7310
3.4384
3.0326
2.3928
4.2076
1.6908
3.9871
2.2885
1.9941
0.6609
3.1917
0.0
4.0860
4.0046
4.3113
3.4028
3.6711
3.9292
3.4342
4.2220
4.0764
1.9770
1.5715
4.1248
2.6357
4.5210
5.0
1.9595
1.8891
4.8517
3.7245
1.8071
2.9164
3.7341
3.9338
2.3432
1.8770
2.6595
1.7650
2.6883
4.9864
2.5361
3.1860
2.8067
0.5306
0.0
4.5265
3.6044
3.1725
3.2656
2.9695
3.5314
3.2131
2.4481
3.1923
3.9099
3.8044
3.8195
0.0
2.7409
5.0
3.7961
4.3292
0.4161
3.6096
2.2540
4.2850
4.0130
1.6707
2.1538
1.5000
2.9878
2.6326
2.0162
3.4654
0.9492
2.9167
2.4244
3.8657
3.8072
2.9381
2.0938
2.1143
3.5795
1.7790
1.3297
2.3579
1.8318
1.0449
4.6166
0.1568
0.4075
2.8383
2.7445
0.0
4.6167
0.3585
2.9683
5.0
2.2600
5.0
1.1558
3.6886
1.9776
1.1056
3.5214
2.7975
1.8649
5.0
1.9302
4.0307
3.1137
1.3278
4.2860
3.3274
2.9743
1.2909
3.4102
0.0
3.0843
5.0
2.3239
3.3728
2.3258
4.1331
1.2688
2.0895
1.8149
2.1381
4.9411
3.3343
4.6972
3.4625
4.3785
3.9359
0.2607
3.9945
4.0171
2.0239
0.0
2.1229
0.3913
3.9926
1.2345
3.7674
2.7968
4.1378
2.3088
2.8454
2.4018
1.4901
2.1939
1.4949
2.7840
3.7726
3.2476
1.0498
1.4195
4.8951
3.9536
1.5144
3.0463
3.1128
3.2566
2.5719
2.5482
0.6608
1.6550
2.0951
4.5526
2.5719
2.8174
3.9461
1.0826
4.2551
5.0
2.8317
5.0
4.1736
5.0
2.9891
0.0
2.5619
4.3062
1.7858
3.0414
3.7805
1.1715
1.9973
1.6070
5.0
2.9804
1.5693
0.9387
2.7928
2.9109
2.3622
4.0206
3.5500
4.5016
5.0
2.0778
1.9582
5.0
3.2651
4.3047
1.2824
0.0
0.8229
3.1613
3.2766
0.0
0.0
1.5778
3.6808
2.7739
0.0
1.8149
2.5074
3.7756
0.0
3.0695
3.4905
0.5265
0.4388
5.0
4.1264
0.7174
0.2847
4.4537
0.0
4.5855
3.7040
3.0328
3.5772
4.1769
4.6269
5.0
0.3391
4.4729
2.5182
2.0961
2.6800
1.8607
4.6497
3.7173
3.6701
4.6220
1.6446
3.3050
5.0
1.2626
0.7335
1.9581
1.3943
2.7189
0.0
2.3225
2.3070
4.7888
5.0
3.3110
4.6019
5.0
3.3471
3.6593
2.1919
4.8089
1.2346
3.7274
0.3624
3.2369
2.5154
3.7071
3.2498
2.0259
0.7407
4.0484
3.3524
0.2870
1.7591
4.9815
2.1071
2.1175
0.7546
0.0
2.5928
0.6357
1.2893
5.0
3.1121
1.9094
0.2967
0.0
5.0
2.4638
1.3859
2.4716
2.4598
3.9839
0.0
3.6461
1.3816
1.3839
0.0
2.3469
1.6730
3.2886
3.3931
3.5806
1.6630
3.8032
4.9149
0.7844
2.8965
4.6348
1.3073
3.6626
2.8706
1.2286
3.7041
2.9588
2.8129
4.0825
2.3037
2.6933
1.4093
0.9187
4.0237
1.3699
4.0938
2.0551
0.1923
0.9968
5.0
3.0309
4.3025
0.0
4.7856
0.6678
2.0626
1.2538
1.9282
4.0291
3.7937
5.0
1.3484
3.8812
3.7303
4.4028
4.8597
2.1216
1.7721
5.0
3.3113
3.7040
3.8316
3.9914
2.6697
3.4624
1.4910
3.8156
2.7874
5.0
1.8784
2.2116
1.6610
4.0091
1.4624
2.3760
3.1744
3.1451
1.2640
4.2386
3.5536
1.4115
2.5375
4.8809
1.9119
1.8410
3.6281
0.4758
0.4815
0.4749
2.6202
3.8997
2.9827
5.0
2.9914
2.6922
3.3370
4.3343
4.6934
5.0
5.0
4.2490
3.2162
3.0503
2.2564
3.8969
4.5057
4.5200
3.2825
2.4631
1.6352
2.8746
1.7516
2.2212
3.9213
3.7683
2.8108
4.7095
2.8692
2.8597
4.4663
1.6239
3.1066
4.0695
3.5324
0.0
1.6944
5.0
5.0
3.6632
4.4938
5.0
1.1964
3.7950
2.2740
1.4073
3.0607
0.0
3.8397
0.5727
3.4967
4.0350
2.1081
3.5442
0.0
4.8015
3.8745
0.0
3.0803
5.0
2.1958
5.0
4.0992
0.9990
