3.8942
0.0
2.5206
5.0
1.8094
2.9536
3.3265
3.1591
3.4547
3.7762
4.8533
0.0
5.0
0.0
0.8751
3.2492
3.5642
1.2413
3.9741
4.3574
2.8418
3.0919
3.4660
2.9434
3.7883
3.6131
3.6536
2.2425
1.2765
3.6376
3.7775
3.6665
1.3088
3.7761
1.4276
4.2066
3.5928
0.0
2.6591
1.5608
0.0
2.4618
4.0105
2.7706
3.3275
2.1033
1.2064
1.7270
2.7858
2.0541
3.9430
4.2786
4.3579
3.3796
2.0083
0.8385
3.7196
3.8440
4.1028
3.0696
4.3735
4.5600
3.2899
3.7059
3.1986
2.7296
2.9519
3.3150
4.3441
2.9767
2.8535
4.4786
3.9500
1.9149
3.4195
3.7575
3.8918
4.4879
2.2613
4.0687
3.8346
2.5724
2.9490
2.4970
1.0791
1.7448
3.4211
1.5071
1.0557
3.1129
2.5902
2.9541
2.6170
3.1760
3.2387
2.9992
4.1240
4.2135
4.1231
3.8361
1.8732
4.7950
3.8886
2.6676
3.5358
2.8546
3.0830
2.0076
2.0843
1.8026
3.7699
3.9406
4.0266
3.3283
4.0286
3.7072
0.6474
3.3750
3.4885
0.7578
3.5517
4.1137
3.3968
1.5028
1.9343
3.4163
2.6304
2.1237
2.9769
3.4127
2.9022
3.7014
3.5520
2.4985
3.8482
3.6285
4.3340
1.9859
0.0
2.9538
2.8623
2.4047
2.1274
2.6954
2.5279
3.6042
3.0335
1.3302
3.5387
1.5016
1.5720
3.4105
3.7174
2.1508
3.3179
2.3786
3.0739
0.0871
2.6140
1.9990
3.8269
3.6106
3.1500
5.0
3.4515
3.0572
3.2740
2.9770
2.9363
4.0427
3.1066
4.2117
2.9000
1.9697
3.8916
2.9448
3.0991
2.9006
2.6306
3.6968
2.8636
2.6489
3.9736
3.8000
3.3447
2.9345
2.7014
4.1031
2.9489
2.8618
2.0617
1.3611
1.1301
3.5606
2.1156
1.1392
1.8486
0.6507
0.4826
1.6625
3.7710
2.9583
0.0
3.9389
0.7648
3.4819
2.4376
4.3376
2.3982
1.0889
2.5411
2.4203
3.5653
3.2012
3.7883
5.0
4.3358
3.9458
3.8381
2.3677
3.5671
2.8287
2.6392
1.5202
4.1179
4.5062
2.3768
3.6922
1.0961
2.0570
3.8856
3.1738
4.3561
1.5052
4.1279
2.0577
2.5455
2.0861
4.7382
3.0928
2.1831
2.7430
4.6230
2.0356
3.1410
0.0
3.0331
3.6130
3.0902
2.5969
2.7246
2.1532
4.4901
1.5620
2.0079
4.1900
1.8418
1.5322
2.3969
0.0
3.3268
3.5804
4.2814
2.5099
3.5803
0.6788
2.4251
0.0
2.2601
2.3623
3.6477
3.6612
3.5696
2.5715
3.3396
2.0558
5.0
2.8647
3.8111
2.2721
3.2549
1.2170
0.9567
2.7282
3.4353
2.8312
0.0890
3.0794
2.5377
4.8784
4.3585
3.6553
2.1119
3.3648
2.2042
3.1770
4.1335
3.9505
0.8460
2.9513
3.3474
4.9162
4.0306
2.7109
4.1099
2.2894
4.2692
2.8462
3.4023
3.2331
3.9449
1.0363
3.6332
3.7956
2.6158
2.4381
0.6715
5.0
4.9338
3.5764
2.4933
2.2527
3.2443
4.1187
0.0
3.3946
2.7637
3.5545
1.4837
1.9781
1.5450
2.7794
4.2437
2.2661
1.9531
2.5760
4.4757
3.8513
2.6039
1.8265
3.8045
2.2150
3.3098
3.6101
3.1448
0.7745
0.0
1.3155
3.3475
3.6423
3.4193
1.4490
4.5401
0.0
3.4210
1.6003
2.6909
3.9641
2.6696
3.6615
1.9013
3.7882
3.8347
4.0386
2.7419
3.3081
1.5064
2.4465
0.0
3.0901
1.4567
3.3228
4.3580
5.0
1.1270
1.8739
1.9954
2.7749
1.2756
1.1574
3.9463
0.4403
3.6426
0.8539
2.0672
3.1058
1.8313
1.7402
3.4716
2.4826
1.2211
1.3173
3.3765
4.9156
2.5905
2.2346
1.9622
3.4775
4.0662
2.1662
3.6077
0.4095
1.5673
3.3249
3.2532
3.6880
4.2894
2.0269
0.8504
2.9610
1.0072
3.5225
3.9592
3.2682
3.9614
1.7481
1.3629
4.7623
2.6791
1.4015
3.7388
2.9158
1.6898
0.0
3.4820
3.8774
5.0
3.1927
4.3054
3.7197
3.5170
2.5007
2.4775
0.4971
2.3489
2.9429
3.6904
3.8121
3.6393
5.0
0.0658
1.5454
3.9172
3.1250
2.7096
3.0196
3.3258
0.5505
3.4472
2.0562
4.8199
2.7432
4.2168
3.2577
0.7338
2.6485
1.0511
3.1211
0.0
3.5317
1.9788
1.1510
4.3784
3.3386
3.8965
1.8776
3.7889
1.9519
2.0185
4.1967
0.0
2.3452
3.4690
2.8028
2.4731
4.1317
3.9876
2.5497
5.0
3.1121
3.3203
4.4226
3.4740
3.8347
2.9131
0.7986
0.0
4.0744
2.6002
1.3243
2.4452
3.1490
2.0862
1.0766
4.0065
1.2390
2.7310
4.9211
0.7371
3.2066
4.1673
3.2009
2.7103
4.0041
3.7340
3.7878
0.9727
3.6441
4.2406
3.8613
4.5732
3.1280
1.2392
0.7198
3.3296
3.4887
3.4188
0.9401
4.3103
1.6925
4.0978
3.6170
3.4541
2.1634
4.0788
2.7784
2.3197
2.2992
3.6857
3.3849
4.4277
1.0340
3.4322
3.0422
4.5325
3.9892
4.1099
1.3482
3.5088
1.6596
0.0
2.8911
4.0802
3.6061
2.8104
2.3980
5.0
4.3095
3.4413
2.6112
3.4361
3.9845
1.1730
5.0
3.3163
2.7158
1.5252
1.9740
4.1860
2.2127
3.8391
1.2600
1.8913
4.2607
4.1726
1.2140
2.7927
3.3045
5.0
1.7219
4.3214
3.1391
1.7996
1.1149
2.9498
3.5260
3.0283
2.8350
4.2655
2.8131
0.1538
3.7698
3.4087
0.6926
2.7431
4.5990
3.5093
4.2086
3.5177
3.5146
3.0740
1.6743
2.2502
0.0
2.0260
4.1724
2.8236
1.1908
3.8149
1.8345
3.0915
4.5561
3.8650
2.4494
4.0961
3.7712
3.1923
3.5599
3.8229
2.8131
5.0
2.5099
4.3234
3.6478
4.2793
4.0571
1.8437
2.9591
4.2693
5.0
3.4564
2.0607
2.8069
3.5798
0.3081
4.4794
4.1198
1.7618
4.6630
0.9143
0.9080
1.5594
2.2932
3.7098
2.9189
3.5796
1.6847
0.0
4.2471
2.4981
4.0307
2.6021
4.6248
1.5578
1.8991
3.9441
1.1553
4.1242
2.4680
3.7098
3.3098
2.3178
2.7517
0.1059
2.9380
2.7215
3.6087
1.8373
2.7513
4.8824
5.0
3.0455
2.7579
1.2180
0.8418
2.5741
4.1230
2.4058
2.3019
3.2887
2.1442
2.5356
1.7778
4.1233
1.9248
3.9842
0.0
3.4674
4.0546
1.4094
1.6204
2.8193
3.0129
3.8249
3.8167
4.0733
3.5611
3.0684
2.4738
1.6921
4.1801
3.6833
2.6155
3.0554
3.1480
1.9015
2.9859
3.4298
3.8724
2.0817
3.1136
3.3133
3.0522
2.8043
2.7406
2.5487
2.8715
1.6308
4.8098
2.9827
2.3803
2.2943
1.6072
2.0501
3.0289
2.1804
0.5992
3.8669
0.0
3.0506
3.3372
2.1068
0.0453
0.5452
1.6267
3.2157
3.6910
2.2846
3.5939
3.0671
0.0
3.4958
2.5146
3.1385
3.6184
4.5516
0.6290
0.8705
3.0621
2.7942
2.5731
3.6692
1.8134
1.8359
2.0301
3.4429
2.8300
0.7145
3.5011
2.8442
0.7294
3.6016
3.4215
4.1938
2.1804
3.5458
1.9170
3.3411
2.8034
4.8796
2.4838
4.6292
4.1983
1.2879
4.4775
1.7664
3.8487
2.3989
2.5077
3.7382
2.0078
3.4028
3.4198
4.2153
3.0717
4.1459
3.7372
3.1013
4.0513
3.3155
3.2921
2.8662
1.4051
2.1492
1.2351
2.7019
2.9384
0.0
1.5813
3.2967
3.8926
2.0217
2.7070
3.6865
2.9147
2.1123
1.6630
0.0
2.2325
1.7522
4.4289
1.2729
3.0412
3.7112
2.9236
0.4547
2.8979
1.5467
3.3704
2.0260
3.0113
1.2991
4.2977
2.3088
3.2227
2.8397
3.9264
2.8931
3.0682
2.2613
0.9489
4.9227
1.3156
0.8869
2.7214
2.5962
4.4197
1.4417
2.3250
3.8867
0.7403
4.6358
4.1087
5.0
1.7446
0.8756
0.0
2.3806
4.3770
0.2963
2.6238
1.3998
2.1786
3.0212
2.7616
5.0
4.6209
4.6281
0.1431
2.6236
2.8742
0.8213
2.5344
3.0257
3.6325
3.6143
2.0486
3.6397
5.0
3.2962
0.0
2.4921
2.3414
3.5660
4.0752
3.8481
1.7588
3.7745
0.0
3.2904
1.3404
2.9756
0.7851
3.2386
3.8712
4.1862
3.4691
3.2965
3.9055
5.0
1.4934
4.1765
2.5070
4.2207
3.7405
2.6690
2.8340
0.2283
3.1867
1.0724
3.2967
0.1580
3.4364
1.3735
3.7072
3.0704
2.8269
2.3063
3.1720
2.2177
3.8899
1.9208
3.6021
2.4856
3.3188
3.6786
5.0
1.4618
3.4090
2.1511
2.9502
2.8301
4.8613
2.4986
1.0019
2.0512
4.3552
3.0197
3.6527
1.9427
3.2630
1.9617
2.6460
2.1244
2.7041
3.4706
3.4148
0.0
3.0510
5.0
1.4633
1.7960
2.2255
3.3215
1.0316
1.1362
4.1013
4.1392
3.9097
3.7698
3.7818
2.6477
2.9031
4.5792
2.9507
2.2794
2.5129
5.0
2.4520
1.2527
2.2911
3.0089
2.4402
3.2518
1.5230
1.0507
2.3968
3.1292
1.8880
3.7513
2.7218
1.6738
1.9067
2.0174
3.8274
4.5217
1.9123
3.4455
3.7116
3.3384
2.2027
2.9446
3.1648
3.9560
0.0
3.3504
1.8241
2.7062
1.6845
4.3320
5.0
3.2346
0.0
1.5480
0.0
2.9166
4.5668
3.4890
3.1146
1.5809
3.9105
0.0
2.0681
0.1675
0.7626
3.3203
2.7586
1.7464
4.0056
1.8997
1.0757
2.7105
4.4258
1.0189
0.9878
3.8001
2.8935
3.7019
3.0606
3.9079
2.6771
4.1171
3.2438
1.7790
3.8134
3.1836
3.0554
3.3839
3.5184
3.7768
3.4318
2.5655
3.0073
2.9655
3.0392
4.2017
3.8986
3.0098
3.9387
2.8698
2.5349
3.1867
2.8026
0.0112
2.6327
3.7847
3.3578
0.0
4.3045
2.3854
3.3457
3.0782
3.2481
4.3997
4.0052
4.1153
3.9098
1.4114
4.0640
4.8756
4.0087
3.2127
2.8289
1.9081
1.6757
0.5434
1.7879
3.4565
4.4039
2.5033
2.5636
2.8630
4.0416
4.3530
2.5786
1.5994
3.3594
3.5637
3.3739
3.0253
2.3113
3.4945
0.0
1.6308
2.9277
2.8273
3.9096
4.3906
2.4258
4.5430
3.5789
1.4884
1.4066
3.7476
3.2516
2.6188
2.5629
4.5231
2.9508
3.2324
4.0975
0.0
2.6083
2.2662
2.8717
1.6017
1.8324
4.7108
0.0
3.0797
1.4144
2.3734
2.5519
3.9999
3.4483
0.0
3.0433
0.1492
1.3953
1.9048
3.9163
4.3394
2.8132
4.3557
2.0897
2.8566
3.5124
3.7015
2.7709
3.1546
4.1708
3.8372
4.3415
3.2717
2.4341
3.4263
3.1906
3.6577
3.5731
3.9987
3.4189
3.1277
3.4714
3.0866
3.5573
0.0
2.9255
1.2819
2.3438
0.8144
3.7561
2.2140
5.0
3.2971
3.3651
2.6563
3.2046
3.1506
2.1966
0.9853
4.1720
1.5986
1.2579
3.2001
4.7762
4.1540
1.7133
2.1431
2.0328
1.4781
3.4886
4.1359
2.8097
3.4770
3.2600
2.3833
0.1313
2.6935
3.1897
3.1197
0.1897
3.4473
3.4350
2.0988
3.2537
2.4897
1.9476
2.6893
2.2265
1.7682
2.5073
3.7988
3.6669
2.5395
3.3626
0.8166
3.0295
3.4382
3.4817
3.5392
1.1416
2.6185
3.5967
3.5438
4.0419
2.8554
0.1061
2.8267
3.8889
2.2749
3.3112
4.2317
4.0401
3.8360
3.3812
3.4611
2.4008
2.7650
1.6350
3.6298
3.3578
3.2114
1.7170
4.0390
3.4927
3.8976
2.9672
3.8094
3.9253
3.9709
3.4022
4.1339
0.1440
2.2646
1.8502
4.1048
1.5464
4.1883
3.9043
1.3830
3.8276
2.3408
2.0830
3.6456
1.7592
1.6857
4.1482
2.8937
3.1419
3.6129
3.7813
3.3058
2.9938
3.3216
4.6952
4.4341
1.2671
1.5505
3.9050
1.6314
3.4950
1.5528
2.6316
3.0867
3.7982
2.5189
3.9292
2.7393
1.4033
0.0
1.6277
2.8703
0.9871
3.5320
2.0767
2.5785
3.4134
2.7539
0.9880
3.7422
2.4089
3.7919
3.0614
3.6495
2.2128
1.7831
3.2573
2.5887
1.9916
3.4952
4.1712
1.7932
3.5156
4.0702
2.3559
4.0387
2.6307
2.7552
2.8299
2.5927
3.4336
5.0
3.2223
1.6210
2.3136
1.8165
3.8794
2.2044
2.7236
3.0714
0.0
1.6143
0.0
3.4429
1.5782
4.2172
3.7576
2.6819
1.8859
2.7625
2.6501
5.0
3.8258
1.7601
2.7224
3.5685
3.6748
1.4360
2.0819
4.0697
3.1646
3.4053
3.7221
2.5368
3.2392
1.7323
2.6111
4.3166
1.0825
3.2191
3.9822
3.1613
2.0807
3.9668
2.6306
3.7690
2.7935
3.0441
4.3999
2.9213
3.7203
0.0518
3.5977
1.9678
4.1691
2.1158
1.4259
2.6600
1.4747
2.5010
1.4976
0.0
2.9873
3.0582
4.0282
3.5183
1.4616
4.9846
4.6452
3.4545
4.1848
2.9195
2.1728
3.8279
1.9063
2.6274
2.1187
5.0
2.9961
4.3112
2.8154
2.9253
3.2671
1.6945
3.7596
4.1068
3.5937
2.4510
3.8919
1.4247
4.1786
2.1321
4.6397
2.8794
1.5147
3.4983
2.8789
0.3781
1.1728
2.8622
3.1076
0.9041
3.1672
4.1111
3.9994
3.5251
3.8723
2.1604
1.9866
3.1244
1.5017
2.6080
2.2043
2.5699
4.3248
3.8967
1.7702
1.7485
3.0475
1.3230
0.0
3.9683
2.5766
3.3537
2.9086
3.8582
2.3271
3.4527
3.7425
3.1085
1.6104
0.5861
3.1370
3.4030
2.1992
3.8730
2.2249
0.2046
0.0
2.1729
2.7125
2.8795
3.5846
3.6320
3.1201
2.0648
3.5095
2.9838
1.3211
2.7426
2.9456
4.0557
4.1018
2.2413
3.0690
2.3202
3.5801
3.9710
3.2352
2.7588
3.8044
1.5523
2.8789
1.4432
3.4208
2.9908
0.4237
1.8727
4.1014
3.1001
1.5923
3.6402
0.9048
3.0097
3.3510
2.2718
3.7952
3.4005
3.0121
2.8450
3.1077
2.0625
3.9525
2.5965
1.5003
1.6197
1.8631
3.6599
1.6475
5.0
1.7027
1.5051
0.9090
3.3868
0.0
3.5641
2.6125
3.0457
1.6630
2.5239
2.7256
2.9486
3.3125
3.8334
2.4193
5.0
4.2545
3.6028
2.3236
1.7752
