1.0286
0.5953
4.6375
2.7406
0.9770
0.0
2.8036
2.6768
0.8199
0.3058
1.4333
1.6540
1.3327
4.4536
0.0
2.1792
0.6205
1.5370
4.6297
0.8110
0.0
0.3307
2.6524
2.9686
2.2264
2.0011
0.0
2.7126
1.7388
0.0
1.9961
0.2818
2.0019
2.7451
0.3526
0.8568
0.0
1.2588
0.6494
0.0
4.2637
1.4445
0.0
0.5647
1.4830
0.0
0.0
1.8209
0.7289
0.0
1.6976
1.5809
0.2584
0.0
0.0
0.2645
0.0
0.2996
2.5602
2.4385
2.7073
0.0
0.1006
0.3241
0.8859
2.2668
0.6352
0.0
0.0
0.0
1.3628
1.9100
0.0
2.1350
0.5620
0.0
0.9434
1.4258
0.0
1.0129
1.3903
3.5956
1.9049
2.3189
3.3596
0.7579
0.8171
1.1336
0.0
0.0
0.0
1.4236
1.3654
0.6431
2.2529
0.5055
0.0
0.7743
0.1842
0.0
0.5319
0.5963
3.3982
1.5967
0.5707
3.6570
2.5867
3.2135
2.6680
0.0
1.5965
3.2179
0.7162
2.5818
1.0907
1.8189
2.4683
0.7535
0.0
0.7141
0.0
0.9773
0.0
0.0
4.2017
0.3395
3.9671
0.0
0.0
1.4845
1.2659
0.0
0.0
2.4208
0.8839
2.9813
1.1162
1.9967
0.2844
0.0
2.0365
1.1940
3.5383
0.0
3.0001
2.4321
0.0
0.7084
0.1712
0.1006
1.7805
0.8547
0.0
0.0
0.0
1.8058
0.8884
1.2188
0.5361
0.0
0.0
3.3027
1.2021
0.0
0.4342
2.4004
2.2398
2.3334
1.3649
0.8272
2.3528
2.3303
0.8536
2.6511
1.6145
0.8823
0.0
0.4850
0.0
2.5033
0.0
0.1652
2.2071
3.9489
1.2477
1.0914
0.1144
0.8859
0.5674
0.0
1.5794
0.3546
1.4735
1.9665
0.7246
0.3346
1.3322
2.5530
2.3485
1.4003
1.6327
0.1412
3.1952
3.0730
1.9806
1.4700
0.9128
2.8788
1.1820
0.5981
0.6070
2.1864
0.0
1.4448
0.8589
1.0626
0.6041
0.1845
1.5181
2.1443
0.9713
1.9073
2.4282
0.1197
0.0
2.0468
0.0
0.0
0.0
3.7464
0.0811
2.5136
1.9898
3.9216
1.6144
3.4918
2.0967
1.0610
1.6275
0.0
2.8516
4.0609
2.6355
0.7143
1.3552
0.9981
0.0
0.0
0.0
0.8865
1.8788
0.1347
0.0
3.0773
0.8680
0.9863
1.7577
2.0924
1.8774
0.5563
0.0
2.1586
0.0
0.0
0.0
1.3527
0.7779
2.7409
0.0578
0.0
0.6658
1.2375
0.0
1.0990
1.1269
1.9167
1.9697
2.1944
1.9550
0.5473
0.7720
0.5844
0.8679
0.0
1.6775
1.1647
2.6008
1.4754
0.8703
2.4123
2.7279
2.3886
5.0
1.6847
0.0
1.7297
0.0
0.8996
0.7441
0.6960
3.5847
1.4777
0.0
2.5839
3.3482
2.3784
1.9894
3.1442
0.0
4.2787
2.5090
0.0
1.8604
4.6811
4.7423
3.8924
1.2631
0.4426
0.9356
3.8231
1.2207
0.7706
0.3691
2.3233
0.0
0.0
0.2182
0.7321
0.0
2.2394
1.6389
0.0
2.3021
0.1269
0.6758
0.0
1.5177
3.5161
1.0774
1.2291
3.0936
1.9623
0.8543
0.4808
1.3960
0.8425
0.7384
0.0
0.0
3.5636
0.0
2.1410
1.2369
0.5032
3.7844
3.3371
0.0
0.7544
1.1246
1.2140
0.0
0.0
0.3990
0.0
0.5021
0.6433
4.4146
2.5246
2.4659
0.0302
0.4994
0.0
2.1489
1.5358
1.7534
1.0486
2.3264
1.0228
4.0576
0.0
1.1675
0.0
2.1723
0.0
3.4663
1.3660
0.0
5.0
1.6144
0.0
3.2496
1.3026
0.8349
0.0
0.0
1.7599
1.6624
0.4941
0.8025
0.0
3.0151
3.3779
2.9644
0.0
2.6532
4.0982
1.5974
2.9862
0.0
3.2465
2.5142
2.7043
3.5056
1.1725
1.5882
2.2437
0.1779
2.1594
1.8604
0.0
1.2193
1.0890
2.1083
1.9811
0.0
1.8950
1.8428
3.4059
3.2869
2.3580
1.7419
1.9581
2.8396
3.1021
0.0
1.0944
0.0
1.3067
1.8037
3.5864
2.5953
3.0571
0.4745
1.0242
1.3960
1.1683
1.0083
0.0634
2.0439
0.7838
0.8517
2.0104
3.4361
3.2821
0.8338
3.0480
0.0
0.9282
4.0171
2.0985
1.7349
2.0770
0.0
1.4040
0.2894
3.8073
0.1807
0.9845
2.9509
1.7676
1.7364
0.0
2.4625
0.2344
3.7300
1.7293
1.8782
1.5644
0.6286
0.9082
0.0
3.4388
1.5656
3.8357
0.4397
0.0
1.3431
1.8146
0.0
0.9195
2.6181
2.4503
1.3168
0.7016
0.4150
3.0246
3.9572
0.0224
0.0
0.0
3.5399
3.2586
1.3695
2.9704
1.1524
4.5120
1.9445
3.8892
3.7723
3.5255
4.8553
1.2167
2.4369
2.1500
5.0
0.8575
0.1039
3.8563
2.0377
1.5765
1.7616
2.5121
1.9422
1.6753
4.8432
0.0
3.0329
2.4306
0.2405
2.0851
2.1647
0.0
1.1827
0.0
0.0
1.9784
0.0
0.0
1.9043
2.3790
0.1080
1.3989
0.0
0.0
4.1347
2.9491
0.5502
1.1201
0.6072
1.9044
3.0281
0.2695
1.8439
2.0222
0.0
0.0233
1.1773
0.6420
2.0006
2.4343
1.1890
2.9990
0.0
2.4006
0.5881
0.2782
1.2885
0.5339
0.0
2.0724
0.0
2.0370
0.0
0.0
2.3672
1.1830
1.4655
1.1348
1.1750
0.0
0.4642
1.1182
1.8715
0.5832
1.4169
0.4028
2.8369
0.9199
1.2840
1.6218
2.6375
0.2009
3.4397
0.8332
0.0
2.1370
0.0
0.0
0.0
2.4508
2.9335
0.0
3.6471
0.3599
2.7326
2.3416
4.2890
2.2837
0.1621
0.2663
2.2362
0.0
2.4830
3.6464
1.5598
1.2891
2.7406
2.3257
4.0521
0.2564
1.4878
0.0
3.8812
0.5329
2.2818
1.2947
1.5722
1.6691
0.0
1.4550
3.1048
1.3850
0.0
0.8421
1.9351
1.0634
0.0
1.2985
1.8913
0.0
2.0137
3.2555
5.0
1.7925
3.2306
2.4135
1.5532
1.1005
0.7107
0.0
2.9225
0.0
1.3328
4.0223
1.4998
0.0
1.1969
0.0
0.7940
3.9558
2.1936
2.1284
2.1135
2.2514
1.1494
2.0744
0.3128
0.0
0.0
0.6513
0.0
2.4211
0.7457
2.1504
1.4199
2.8135
2.0460
2.0543
3.2622
0.2266
0.0
1.2208
0.0
1.8735
0.0
0.0
4.0291
0.1996
0.5078
2.1280
0.0
1.4268
0.0
0.0766
0.3733
0.0
0.0
1.2673
0.7374
0.3288
0.0
2.0901
1.6904
1.1394
1.9130
1.4801
1.0318
4.5947
2.2461
4.1608
0.0
2.9795
1.0645
2.5108
4.0524
2.8063
2.8358
1.5363
0.1473
0.0
0.8625
1.0431
0.0
0.5912
0.0
0.9586
3.5539
1.3449
0.0
1.1358
2.1030
2.0474
0.0
0.0
3.7527
1.9748
2.2772
2.0854
1.1785
0.0
2.8282
0.0
0.6616
2.5713
2.8026
1.2905
1.0831
0.8453
0.0963
0.9146
4.0850
1.9866
1.9759
0.1362
0.0
2.1631
1.1616
1.0820
2.1295
0.1951
2.3207
0.0
1.1191
0.7055
4.0043
1.6938
2.8971
2.7796
1.8240
0.7992
2.8139
1.3049
0.0
4.5376
0.0
2.3736
0.8992
1.0548
3.3590
1.4954
1.2768
2.7123
0.0
1.6886
1.6423
1.6168
0.0
0.4000
1.6560
2.8715
1.6630
0.0
0.0
0.0047
0.0
1.6381
0.3171
0.6422
1.8914
0.5844
3.8220
2.0039
2.6673
3.0264
3.4277
2.1618
1.3765
1.1240
1.3986
1.5473
1.9188
2.1303
4.6962
1.4597
1.2834
1.3053
0.9723
3.1380
2.3535
1.2245
0.6775
1.7674
1.7196
3.0572
4.3514
2.5905
0.0
1.3439
3.0310
0.8132
0.9688
2.1060
0.3334
0.7582
0.5606
1.2924
0.8050
4.0246
2.0657
1.1453
0.6671
4.7571
4.0947
1.1624
1.0173
1.7665
1.6746
3.2224
1.4457
1.2990
2.3104
1.8472
0.9329
1.2650
2.1282
0.9031
1.9491
0.5962
2.6297
0.1974
3.4819
2.2555
1.9223
1.0990
0.0
0.6914
3.8783
0.4667
0.0
0.0708
0.6107
0.9813
3.5079
3.9601
2.3733
0.7961
1.3345
2.0665
2.9130
2.3542
3.6854
0.0
1.2675
1.1236
0.0
0.0
1.1828
1.8151
2.3454
0.7730
1.3750
0.0
0.0
1.5314
0.0
0.1508
0.0
0.8269
0.9012
3.5938
3.5942
2.5255
3.4317
0.0
2.0731
0.8014
0.7193
2.6502
1.6902
2.3171
2.3643
2.5342
0.0
0.7864
0.6447
4.4536
0.0
0.0
1.9096
0.4094
0.3349
1.9217
0.0
2.4158
2.3591
2.3858
2.3557
2.7478
3.4897
1.0480
0.7246
2.0286
0.0
2.1594
1.8092
0.9950
1.7551
2.7675
2.8630
0.0
0.6364
1.0222
2.9202
3.0117
1.4243
2.5925
2.4210
3.3747
0.1905
1.6246
1.8248
1.9078
0.7928
0.5475
1.6071
0.2553
0.7039
0.0
2.8650
1.6180
0.0
0.9746
2.4166
2.0729
1.4110
1.5276
3.9519
0.7789
1.3969
2.2393
0.0
0.9309
3.8364
1.2010
0.0
0.2359
0.0
0.6001
0.5865
0.9086
0.6077
1.9874
1.6520
0.9599
1.7190
0.0
1.1547
0.4519
1.1911
1.4990
2.4147
2.8726
0.9387
1.9931
1.2114
1.3671
0.0
0.0249
0.0
0.4564
2.5402
5.0
3.9118
0.0409
1.3068
3.9689
2.3103
1.6147
0.0
4.4875
3.9650
2.4258
0.0
2.9448
1.7652
2.8253
1.4145
1.1736
0.0
1.2417
2.7936
0.0
0.0
2.8364
1.1939
0.9681
1.8807
0.8666
2.9072
1.8618
1.1814
0.9584
2.7313
1.4422
0.0
4.4530
0.8935
2.6460
0.9831
1.5016
1.0798
0.0
1.5888
1.2759
2.0185
0.0
2.0567
0.0
0.7612
2.3866
2.2362
0.6471
3.2604
1.0271
0.5899
2.9514
0.4115
2.1815
0.0
0.0
1.8624
2.4902
0.6572
1.7189
0.4399
1.0584
0.9505
0.0
1.8326
0.0
2.6197
1.0819
1.0056
1.9177
0.0
2.1661
0.0
0.4225
1.6330
1.2558
0.0
3.6443
1.1623
0.0861
1.3020
0.0
1.0644
0.5551
1.1861
1.8573
1.6299
2.4495
1.4356
2.7277
0.0
0.6771
0.5162
0.2682
0.7292
0.0
1.6107
0.0
3.7186
0.9846
1.7867
5.0
0.0
0.4062
0.8885
2.6775
0.8133
1.4853
2.4962
1.8731
0.0
2.2935
3.5235
2.5129
4.6015
2.1432
2.6623
3.1128
4.4251
0.0
1.3834
2.4308
2.5750
2.3205
0.0
1.5165
1.3565
0.3043
0.0
2.7588
2.7776
0.6973
0.8168
2.0618
1.6146
1.7098
3.7549
0.0
2.2884
0.0
0.5484
0.1487
3.2807
1.5496
0.0
0.7512
0.0
1.6309
3.8660
2.8318
1.4234
1.2520
0.9164
0.6327
0.9040
3.7399
3.7825
1.4810
1.0227
0.0
0.0
0.0
1.0263
0.0
2.0390
1.1506
1.1747
2.7360
2.9893
2.7076
1.5910
0.0140
1.2207
0.0
1.0075
0.0059
1.1435
0.1483
1.8684
0.7059
2.4369
0.7418
3.2209
0.8292
1.8516
3.5510
4.1542
1.1493
2.4595
0.0
0.0
0.0
2.9448
0.0
0.7867
0.0
4.5226
3.4482
0.6978
0.0
3.3088
0.8207
1.5165
0.2875
2.2687
4.2313
4.3656
2.9194
2.5955
2.7592
2.4073
2.0916
0.0
5.0
1.9243
1.2932
0.2264
1.6022
1.7042
3.0547
0.6060
2.6316
3.8243
1.7027
0.1314
2.1524
1.1333
0.1624
1.1467
0.0
0.0407
0.3674
2.6528
1.3687
0.0
0.0
1.2258
2.4855
0.4603
1.7657
0.0
4.2343
2.4662
1.7108
1.9423
0.7355
0.0987
0.9043
3.4128
0.0
1.1769
2.3178
2.2298
0.4430
1.5286
0.0
4.7663
1.1548
1.6811
0.0
2.9948
0.0
2.9383
1.6769
0.4804
2.7182
2.4654
0.0
0.6104
1.0253
1.5258
0.8899
0.5378
0.9721
2.7763
1.5690
1.6417
0.8507
1.0289
1.7644
0.9511
0.8498
1.5401
1.5881
2.4213
2.6437
0.3504
0.2922
1.4458
1.4971
0.0
0.9064
2.2606
0.9494
0.3291
1.1610
2.3962
1.5934
2.9047
2.4700
0.7948
3.2295
0.9229
2.2577
0.3217
0.9904
0.0573
1.5529
2.1289
2.8373
0.6854
2.1755
0.6408
3.7015
0.0
1.3377
2.8251
2.2129
3.4104
1.7534
0.0
0.8895
4.1634
2.5750
3.5540
0.2936
0.9309
1.2691
2.6774
3.6446
1.2098
2.7007
2.7372
1.3492
1.7390
2.3983
0.0
3.0236
0.4142
1.7134
1.6402
0.5121
3.1754
2.8510
0.7068
1.3764
1.0011
0.0
1.6110
0.9836
0.8947
0.7131
1.4788
1.0135
0.5993
3.3379
0.9893
0.0278
2.6726
1.1449
0.0
2.0978
0.0
1.1171
2.0789
2.4669
0.8018
0.1312
0.0
0.7522
0.0
0.6917
2.0468
2.8434
2.2894
2.1729
1.2459
0.3833
1.7625
1.1352
1.4416
2.0404
2.1966
0.3773
1.5300
2.9936
3.1184
1.4423
0.2395
0.3556
3.5847
0.1682
2.5868
0.6648
2.7127
4.8537
2.6834
3.7161
2.8379
3.0609
3.3209
3.6898
1.2519
0.9354
1.4409
2.1577
0.1916
0.7320
2.2491
2.6105
0.8413
2.5089
3.0568
1.9460
1.7799
0.1988
0.8521
2.5571
3.1192
0.1947
1.6701
1.8972
0.0688
3.4254
1.9044
1.7792
1.7931
0.2845
1.1915
0.0
0.0
0.0
3.1877
0.0
1.2858
1.3791
0.9542
1.5089
2.0725
1.6092
1.8883
0.8850
3.0244
0.1578
2.9596
0.7285
1.3178
1.0529
3.1364
3.2331
1.2349
2.1327
0.7562
0.1303
0.5150
0.0
2.5771
1.2737
0.0
0.5252
3.2207
2.6151
1.0896
1.6986
0.0
0.0
2.1559
0.0
0.0
2.0667
1.8496
0.6757
0.6378
0.5491
3.5101
2.3275
0.0
0.0
1.1334
4.6061
1.5422
1.7739
2.9539
0.3629
4.3451
0.0
0.4109
1.4956
1.2888
0.2900
0.5555
0.0
0.4791
2.4540
3.2891
2.0633
2.4992
3.7133
0.8559
4.0958
0.6184
3.6905
0.0
0.6433
0.0
0.2517
0.1233
2.5371
0.0
1.1741
0.0
2.4289
3.4693
0.0
3.8880
4.9009
0.7104
1.7417
3.8632
0.0
1.1068
1.8419
0.0
2.0200
0.0
1.0182
0.0
0.4804
3.0946
2.8491
0.7495
1.4515
0.6110
1.6123
3.0895
0.3841
0.4695
2.1965
0.0
1.7299
1.1442
0.0
2.1529
1.7837
0.5758
0.0
0.0
0.0
0.8577
1.7614
2.0558
1.0266
1.1631
1.6321
1.4160
0.6316
1.4427
0.0
1.6441
0.0
0.3573
2.3980
2.4087
0.7875
0.0
1.1571
0.8081
2.1906
1.5488
3.8678
0.2381
0.0
0.4161
2.5250
0.0
1.4568
0.0
2.6047
2.3880
2.1781
0.0
1.8197
0.9227
0.6666
0.0
2.6736
0.0
1.5770
1.6432
0.1169
1.4145
0.0
2.4621
0.7967
0.9080
0.9294
2.7020
2.9258
2.8273
1.9012
1.3163
3.0476
0.2240
2.5240
1.6093
2.8234
2.6223
0.0
4.3821
0.7984
0.0
1.5248
3.3810
0.0
3.0973
3.1887
3.9476
1.3550
1.0318
2.5413
2.6339
1.8146
3.6408
2.7819
1.6758
2.5025
0.2390
2.4505
2.7941
0.0
2.5881
0.3743
2.0670
0.8244
1.9042
2.8996
0.3619
0.0
1.7310
0.0
1.1350
0.5493
1.1340
1.8408
2.3369
0.0
2.2176
0.0
1.7471
0.0
0.0
0.9955
0.0
0.8939
1.0375
0.0
1.3009
0.0
0.1835
0.4926
1.0508
1.5713
1.1468
2.7854
0.8369
1.4114
1.2771
0.0
2.0212
2.1003
0.2724
1.6704
3.8925
0.0
3.0703
0.9295
1.3588
0.7368
0.0
1.6247
2.2832
2.7880
1.7815
1.1531
3.9769
1.0331
0.0
4.5027
0.0385
0.4739
1.2317
0.8145
0.7016
3.8497
2.1538
1.1440
4.1167
3.3277
2.7796
1.8158
1.9904
3.7097
4.0528
2.1179
2.5836
2.1523
0.7987
2.9514
1.6959
1.1513
4.6898
2.8327
1.4150
1.6192
3.7294
0.3089
4.3901
0.6454
1.5330
1.1775
0.0939
1.5473
2.3915
1.0597
2.5819
0.0
0.5637
3.7531
2.8777
1.1219
3.3020
2.9987
0.0
2.5082
1.9220
1.9436
1.0351
0.2252
2.1423
2.6730
0.8678
2.8775
4.6331
0.4174
1.0659
0.2964
0.6459
0.3889
1.2628
0.9658
3.9705
3.3918
0.0
2.5839
0.7604
1.1784
4.6310
1.1009
1.5972
1.6978
2.6025
0.2705
1.6766
0.6799
0.9393
2.9376
2.6116
0.2190
0.4850
1.9673
1.6630
4.6415
0.0
0.9953
2.4299
2.2083
2.7345
0.8082
1.7864
0.0
0.0271
1.8184
1.7331
1.2348
0.4480
2.2045
2.0485
2.3769
4.8887
1.5735
1.0607
1.0653
1.2568
2.2389
2.4282
1.6353
3.2412
2.3046
3.0623
2.8368
2.9459
2.9548
0.3827
2.6477
0.8034
1.9035
2.4057
1.6035
0.3134
5.0
2.4884
1.5683
1.2760
0.5642
0.3407
1.2741
0.0
2.4584
2.1081
2.8865
0.4759
0.3766
3.0958
1.5912
0.7876
0.0100
3.2439
0.9358
2.8647
1.2406
0.1222
0.0
2.3384
0.4271
2.8190
1.2517
0.6942
0.0714
1.4184
0.0
0.3377
0.0
0.0
4.3094
2.5987
0.0
2.5480
1.7162
3.9905
0.1335
2.7953
2.8698
1.2979
0.0
2.3017
1.5734
0.0
1.0743
2.7153
0.0
0.6960
0.0129
0.0
0.5059
3.2214
0.9453
0.0
0.2215
1.3036
2.5994
1.6958
1.1894
1.8495
0.0
0.0
0.3006
2.2337
0.8419
0.7878
2.2073
0.0662
0.0
0.7516
1.6223
0.0
4.1957
4.4290
2.8352
0.2959
0.1541
1.7058
0.4979
1.5956
0.7053
1.1577
0.9652
2.7352
2.0201
0.1408
2.5871
2.7731
2.0279
1.8300
0.2988
1.9720
2.7745
0.8317
1.1743
0.0
1.9919
1.4602
1.1438
2.8058
0.0
2.1776
0.9795
0.0390
0.6141
0.3058
0.0
0.0
1.4151
1.2046
2.2731
1.5004
1.7960
0.0
3.8656
1.4150
0.0
0.0
3.7004
2.4123
1.8829
1.6862
3.7945
2.2781
0.3804
1.4384
0.0
1.7634
1.2351
0.2642
0.0
2.1918
1.4769
0.0
1.7507
0.0
0.0
0.7964
0.5516
1.5081
2.7057
0.0
0.1466
1.1054
0.0
2.6233
0.0
3.5751
1.2002
0.7453
1.4048
0.6858
2.6160
1.7388
0.9106
0.2379
2.3039
0.1764
0.2155
1.1847
0.0
1.6203
0.6062
0.4874
2.4527
0.3387
1.5290
0.7830
0.0
1.5656
0.5905
2.1118
4.5202
2.0029
1.9848
3.5879
1.0031
0.0
5.0
1.6516
3.7165
0.1523
2.9015
